epoc (ms),timestamp (+0800),elapsed (s),x-axis (deg/s),y-axis (deg/s),z-axis (deg/s)
1573803760566,2019-11-15T15.42.40.566,0.000,1.707,-2.927,-2.073
1573803760576,2019-11-15T15.42.40.576,0.010,1.768,-3.354,-2.073
1573803760587,2019-11-15T15.42.40.587,0.021,1.585,-3.476,-2.134
1573803760597,2019-11-15T15.42.40.597,0.031,1.768,-3.232,-2.256
1573803760607,2019-11-15T15.42.40.607,0.041,1.646,-2.744,-1.890
1573803760616,2019-11-15T15.42.40.616,0.050,1.159,-2.317,-1.341
1573803760626,2019-11-15T15.42.40.626,0.060,0.854,-1.524,-1.280
1573803760636,2019-11-15T15.42.40.636,0.070,0.549,-0.488,-1.829
1573803760647,2019-11-15T15.42.40.647,0.081,0.183,-0.366,-2.073
1573803760657,2019-11-15T15.42.40.657,0.091,0.061,-1.098,-1.707
1573803760667,2019-11-15T15.42.40.667,0.101,0.305,-2.073,-1.341
1573803760677,2019-11-15T15.42.40.677,0.111,0.488,-2.622,-0.976
1573803760688,2019-11-15T15.42.40.688,0.122,0.427,-2.622,-0.610
1573803760698,2019-11-15T15.42.40.698,0.132,-0.122,-1.768,-0.610
1573803760708,2019-11-15T15.42.40.708,0.142,-0.671,-0.793,-0.366
1573803760718,2019-11-15T15.42.40.718,0.152,-1.159,-0.183,-0.061
1573803760727,2019-11-15T15.42.40.727,0.161,-1.707,-0.061,0.183
1573803760738,2019-11-15T15.42.40.738,0.172,-2.012,-0.305,0.671
1573803760748,2019-11-15T15.42.40.748,0.182,-1.890,0.000,0.671
1573803760758,2019-11-15T15.42.40.758,0.192,-1.524,0.488,0.061
1573803760768,2019-11-15T15.42.40.768,0.202,-0.976,1.463,-0.427
1573803760779,2019-11-15T15.42.40.779,0.213,-0.732,1.951,-0.366
1573803760789,2019-11-15T15.42.40.789,0.223,-0.732,1.280,-0.366
1573803760799,2019-11-15T15.42.40.799,0.233,-1.037,0.549,-0.366
1573803760809,2019-11-15T15.42.40.809,0.243,-1.341,-0.122,0.427
1573803760820,2019-11-15T15.42.40.820,0.254,-1.707,-0.305,1.524
1573803760828,2019-11-15T15.42.40.828,0.262,-2.256,0.549,2.500
1573803760839,2019-11-15T15.42.40.839,0.273,-2.988,2.134,2.927
1573803760849,2019-11-15T15.42.40.849,0.283,-3.232,4.085,2.805
1573803760859,2019-11-15T15.42.40.859,0.293,-3.049,5.061,2.378
1573803760869,2019-11-15T15.42.40.869,0.303,-2.561,4.817,1.829
1573803760880,2019-11-15T15.42.40.880,0.314,-1.280,3.049,1.524
1573803760890,2019-11-15T15.42.40.890,0.324,0.000,0.671,1.220
1573803760900,2019-11-15T15.42.40.900,0.334,0.488,-1.037,1.585
1573803760910,2019-11-15T15.42.40.910,0.344,0.610,-1.280,1.890
1573803760921,2019-11-15T15.42.40.921,0.355,0.366,-0.366,2.317
1573803760931,2019-11-15T15.42.40.931,0.365,-0.244,0.488,2.866
1573803760940,2019-11-15T15.42.40.940,0.374,-0.793,1.159,2.988
1573803760950,2019-11-15T15.42.40.950,0.384,-1.402,2.073,2.744
1573803760960,2019-11-15T15.42.40.960,0.394,-1.707,2.744,2.683
1573803760970,2019-11-15T15.42.40.970,0.404,-1.768,2.683,2.073
1573803760981,2019-11-15T15.42.40.981,0.415,-1.159,2.317,1.463
1573803760991,2019-11-15T15.42.40.991,0.425,-0.732,2.500,0.915
1573803761001,2019-11-15T15.42.41.001,0.435,-0.305,2.378,0.549
1573803761011,2019-11-15T15.42.41.011,0.445,0.427,1.159,0.488
1573803761022,2019-11-15T15.42.41.022,0.456,0.732,0.366,0.427
1573803761032,2019-11-15T15.42.41.032,0.466,0.976,0.183,0.366
1573803761041,2019-11-15T15.42.41.041,0.475,0.915,0.061,0.366
1573803761051,2019-11-15T15.42.41.051,0.485,0.732,0.549,0.183
1573803761061,2019-11-15T15.42.41.061,0.495,0.427,1.341,-0.427
1573803761071,2019-11-15T15.42.41.071,0.505,0.366,2.317,-1.037
1573803761082,2019-11-15T15.42.41.082,0.516,0.305,3.720,-1.402
1573803761092,2019-11-15T15.42.41.092,0.526,0.366,4.512,-1.524
1573803761102,2019-11-15T15.42.41.102,0.536,0.610,3.598,-1.524
1573803761113,2019-11-15T15.42.41.113,0.547,0.915,1.341,-1.585
1573803761123,2019-11-15T15.42.41.123,0.557,1.341,-0.061,-1.585
1573803761133,2019-11-15T15.42.41.133,0.567,1.585,0.183,-1.768
1573803761142,2019-11-15T15.42.41.142,0.576,1.829,0.854,-1.585
1573803761152,2019-11-15T15.42.41.152,0.586,1.951,1.463,-1.463
1573803761162,2019-11-15T15.42.41.162,0.596,1.646,1.768,-1.585
1573803761173,2019-11-15T15.42.41.173,0.607,1.524,1.098,-1.524
1573803761183,2019-11-15T15.42.41.183,0.617,1.159,0.183,-1.280
1573803761193,2019-11-15T15.42.41.193,0.627,0.793,0.427,-1.280
1573803761203,2019-11-15T15.42.41.203,0.637,0.793,1.341,-1.220
1573803761214,2019-11-15T15.42.41.214,0.648,0.732,2.134,-1.402
1573803761224,2019-11-15T15.42.41.224,0.658,0.671,2.317,-1.341
1573803761234,2019-11-15T15.42.41.234,0.668,0.732,1.402,-0.976
1573803761244,2019-11-15T15.42.41.244,0.678,0.976,0.732,-0.915
1573803761253,2019-11-15T15.42.41.253,0.687,1.098,0.183,-0.915
1573803761263,2019-11-15T15.42.41.263,0.697,1.159,-0.244,-0.549
1573803761274,2019-11-15T15.42.41.274,0.708,0.610,0.244,-0.732
1573803761284,2019-11-15T15.42.41.284,0.718,0.610,1.829,-0.915
1573803761294,2019-11-15T15.42.41.294,0.728,0.488,3.110,-0.732
1573803761304,2019-11-15T15.42.41.304,0.738,0.366,2.622,-0.610
1573803761315,2019-11-15T15.42.41.315,0.749,0.549,1.037,-0.244
1573803761325,2019-11-15T15.42.41.325,0.759,0.793,0.366,-0.183
1573803761335,2019-11-15T15.42.41.335,0.769,0.488,1.098,-0.488
1573803761345,2019-11-15T15.42.41.345,0.779,0.427,1.768,-0.183
1573803761354,2019-11-15T15.42.41.354,0.788,0.732,2.012,0.122
1573803761364,2019-11-15T15.42.41.364,0.798,0.732,2.561,0.122
1573803761375,2019-11-15T15.42.41.375,0.809,0.793,2.744,0.732
1573803761385,2019-11-15T15.42.41.385,0.819,0.671,1.829,1.098
1573803761395,2019-11-15T15.42.41.395,0.829,0.366,1.402,0.488
1573803761405,2019-11-15T15.42.41.405,0.839,0.061,2.195,0.122
1573803761416,2019-11-15T15.42.41.416,0.850,0.061,2.073,0.000
1573803761426,2019-11-15T15.42.41.426,0.860,0.305,0.732,-0.244
1573803761436,2019-11-15T15.42.41.436,0.870,0.244,0.427,-0.610
1573803761446,2019-11-15T15.42.41.446,0.880,0.244,0.671,-0.305
1573803761455,2019-11-15T15.42.41.455,0.889,0.305,0.854,0.061
1573803761466,2019-11-15T15.42.41.466,0.900,0.061,1.159,0.183
1573803761476,2019-11-15T15.42.41.476,0.910,-0.488,1.707,0.305
1573803761486,2019-11-15T15.42.41.486,0.920,-0.915,2.073,0.549
1573803761496,2019-11-15T15.42.41.496,0.930,-1.037,1.890,0.549
1573803761507,2019-11-15T15.42.41.507,0.941,-0.671,0.915,0.305
1573803761517,2019-11-15T15.42.41.517,0.951,-0.183,-0.488,0.183
1573803761527,2019-11-15T15.42.41.527,0.961,-0.122,-1.707,0.244
1573803761537,2019-11-15T15.42.41.537,0.971,-0.183,-2.744,0.183
1573803761548,2019-11-15T15.42.41.548,0.982,0.000,-3.659,0.366
1573803761558,2019-11-15T15.42.41.558,0.992,0.122,-3.537,0.183
1573803761567,2019-11-15T15.42.41.567,1.001,-0.183,-2.134,-0.244
1573803761577,2019-11-15T15.42.41.577,1.011,-0.610,-0.061,-0.061
1573803761587,2019-11-15T15.42.41.587,1.021,-1.280,1.646,0.305
1573803761597,2019-11-15T15.42.41.597,1.031,-1.585,2.195,0.244
1573803761608,2019-11-15T15.42.41.608,1.042,-1.829,1.646,0.305
1573803761618,2019-11-15T15.42.41.618,1.052,-2.500,0.854,0.305
1573803761628,2019-11-15T15.42.41.628,1.062,-2.866,0.549,0.305
1573803761638,2019-11-15T15.42.41.638,1.072,-2.805,-0.061,0.366
1573803761649,2019-11-15T15.42.41.649,1.083,-2.561,-0.488,0.732
1573803761659,2019-11-15T15.42.41.659,1.093,-2.378,0.244,0.305
1573803761668,2019-11-15T15.42.41.668,1.102,-2.012,1.098,-0.061
1573803761678,2019-11-15T15.42.41.678,1.112,-1.463,0.915,0.427
1573803761688,2019-11-15T15.42.41.688,1.122,-1.280,0.488,0.671
1573803761698,2019-11-15T15.42.41.698,1.132,-1.159,0.122,0.671
1573803761709,2019-11-15T15.42.41.709,1.143,-0.854,-0.122,0.793
1573803761719,2019-11-15T15.42.41.719,1.153,-0.793,0.244,0.610
1573803761729,2019-11-15T15.42.41.729,1.163,-0.915,0.976,0.793
1573803761739,2019-11-15T15.42.41.739,1.173,-1.037,1.707,0.732
1573803761750,2019-11-15T15.42.41.750,1.184,-0.732,2.622,0.427
1573803761760,2019-11-15T15.42.41.760,1.194,-0.305,2.561,0.183
1573803761770,2019-11-15T15.42.41.770,1.204,-0.366,1.463,-0.122
1573803761779,2019-11-15T15.42.41.779,1.213,0.183,0.000,0.183
1573803761789,2019-11-15T15.42.41.789,1.223,0.732,-0.915,0.122
1573803761800,2019-11-15T15.42.41.800,1.234,0.915,-1.220,0.122
1573803761810,2019-11-15T15.42.41.810,1.244,1.220,-0.610,0.244
1573803761820,2019-11-15T15.42.41.820,1.254,1.280,0.671,0.427
1573803761830,2019-11-15T15.42.41.830,1.264,1.098,2.073,0.244
1573803761841,2019-11-15T15.42.41.841,1.275,0.976,3.171,-0.244
1573803761851,2019-11-15T15.42.41.851,1.285,0.915,4.024,-0.976
1573803761861,2019-11-15T15.42.41.861,1.295,0.732,4.573,-1.524
1573803761871,2019-11-15T15.42.41.871,1.305,0.793,3.293,-1.707
1573803761880,2019-11-15T15.42.41.880,1.314,0.915,1.707,-1.524
1573803761890,2019-11-15T15.42.41.890,1.324,0.915,0.793,-0.915
1573803761901,2019-11-15T15.42.41.901,1.335,0.915,0.305,-0.549
1573803761911,2019-11-15T15.42.41.911,1.345,0.732,1.159,-0.427
1573803761921,2019-11-15T15.42.41.921,1.355,0.488,2.073,-0.305
1573803761931,2019-11-15T15.42.41.931,1.365,0.488,1.280,-0.305
1573803761942,2019-11-15T15.42.41.942,1.376,0.183,-0.122,-0.305
1573803761952,2019-11-15T15.42.41.952,1.386,-0.183,-0.244,-0.610
1573803761962,2019-11-15T15.42.41.962,1.396,-0.854,0.366,-0.610
1573803761972,2019-11-15T15.42.41.972,1.406,-1.524,0.366,-0.671
1573803761981,2019-11-15T15.42.41.981,1.415,-1.951,0.976,-1.220
1573803761991,2019-11-15T15.42.41.991,1.425,-1.951,2.256,-0.915
1573803762002,2019-11-15T15.42.42.002,1.436,-1.829,2.805,-0.610
1573803762012,2019-11-15T15.42.42.012,1.446,-1.341,2.622,-0.671
1573803762022,2019-11-15T15.42.42.022,1.456,-0.976,2.317,-0.854
1573803762032,2019-11-15T15.42.42.032,1.466,-1.037,2.195,-0.488
1573803762043,2019-11-15T15.42.42.043,1.477,-1.037,1.341,0.183
1573803762053,2019-11-15T15.42.42.053,1.487,-1.220,0.671,0.366
1573803762063,2019-11-15T15.42.42.063,1.497,-1.220,0.427,0.305
1573803762073,2019-11-15T15.42.42.073,1.507,-0.976,0.366,0.183
1573803762084,2019-11-15T15.42.42.084,1.518,-0.671,0.122,-0.061
1573803762092,2019-11-15T15.42.42.092,1.526,-0.244,0.305,-0.122
1573803762103,2019-11-15T15.42.42.103,1.537,-0.061,0.305,-0.061
1573803762113,2019-11-15T15.42.42.113,1.547,-0.183,0.122,0.122
1573803762123,2019-11-15T15.42.42.123,1.557,-0.244,1.037,-0.244
1573803762133,2019-11-15T15.42.42.133,1.567,-0.122,2.622,-0.366
1573803762144,2019-11-15T15.42.42.144,1.578,0.000,3.171,-0.427
1573803762154,2019-11-15T15.42.42.154,1.588,0.305,1.951,-0.427
1573803762164,2019-11-15T15.42.42.164,1.598,0.854,0.000,-0.183
1573803762175,2019-11-15T15.42.42.175,1.609,1.220,-1.280,0.061
1573803762185,2019-11-15T15.42.42.185,1.619,1.098,-1.890,0.549
1573803762194,2019-11-15T15.42.42.194,1.628,0.915,-1.768,0.793
1573803762204,2019-11-15T15.42.42.204,1.638,0.793,-1.037,0.793
1573803762214,2019-11-15T15.42.42.214,1.648,0.549,-0.244,0.305
1573803762224,2019-11-15T15.42.42.224,1.658,0.549,0.793,-0.488
1573803762235,2019-11-15T15.42.42.235,1.669,0.427,1.951,-0.976
1573803762245,2019-11-15T15.42.42.245,1.679,0.122,2.744,-1.220
1573803762255,2019-11-15T15.42.42.255,1.689,0.000,2.561,-0.915
1573803762265,2019-11-15T15.42.42.265,1.699,0.244,1.646,-0.244
1573803762276,2019-11-15T15.42.42.276,1.710,0.427,1.098,-0.122
1573803762286,2019-11-15T15.42.42.286,1.720,0.183,1.220,0.122
1573803762296,2019-11-15T15.42.42.296,1.730,-0.122,1.646,0.488
1573803762305,2019-11-15T15.42.42.305,1.739,-0.183,2.256,0.427
1573803762315,2019-11-15T15.42.42.315,1.749,-0.366,2.988,-0.122
1573803762325,2019-11-15T15.42.42.325,1.759,-0.305,3.232,-0.244
1573803762336,2019-11-15T15.42.42.336,1.770,0.000,2.256,-0.488
1573803762346,2019-11-15T15.42.42.346,1.780,0.244,0.976,-0.976
1573803762356,2019-11-15T15.42.42.356,1.790,0.488,0.488,-0.976
1573803762366,2019-11-15T15.42.42.366,1.800,0.244,0.244,-0.610
1573803762377,2019-11-15T15.42.42.377,1.811,0.183,0.305,-0.122
1573803762387,2019-11-15T15.42.42.387,1.821,0.244,0.793,0.183
1573803762397,2019-11-15T15.42.42.397,1.831,0.183,0.732,0.122
1573803762406,2019-11-15T15.42.42.406,1.840,0.610,0.549,-0.366
1573803762416,2019-11-15T15.42.42.416,1.850,1.098,1.037,-1.280
1573803762426,2019-11-15T15.42.42.426,1.860,0.915,1.768,-1.707
1573803762437,2019-11-15T15.42.42.437,1.871,0.488,1.280,-1.768
1573803762447,2019-11-15T15.42.42.447,1.881,0.305,-0.427,-1.707
1573803762457,2019-11-15T15.42.42.457,1.891,-0.122,-2.134,-1.037
1573803762467,2019-11-15T15.42.42.467,1.901,-0.671,-2.683,-0.122
1573803762478,2019-11-15T15.42.42.478,1.912,-1.159,-1.768,0.488
1573803762488,2019-11-15T15.42.42.488,1.922,-1.585,-0.610,0.854
1573803762498,2019-11-15T15.42.42.498,1.932,-1.402,-0.732,0.488
1573803762507,2019-11-15T15.42.42.507,1.941,-1.159,-1.402,-0.183
1573803762517,2019-11-15T15.42.42.517,1.951,-0.915,-1.829,-0.427
1573803762528,2019-11-15T15.42.42.528,1.962,-0.610,-2.805,-0.366
1573803762538,2019-11-15T15.42.42.538,1.972,-0.244,-4.024,-0.305
1573803762548,2019-11-15T15.42.42.548,1.982,-0.549,-4.817,0.244
1573803762558,2019-11-15T15.42.42.558,1.992,-1.098,-4.878,0.854
1573803762569,2019-11-15T15.42.42.569,2.003,-1.524,-4.512,0.671
1573803762579,2019-11-15T15.42.42.579,2.013,-1.402,-3.354,0.366
1573803762589,2019-11-15T15.42.42.589,2.023,-1.037,-2.378,-0.366
1573803762599,2019-11-15T15.42.42.599,2.033,-0.854,-2.073,-0.671
1573803762608,2019-11-15T15.42.42.608,2.042,-0.610,-2.805,-0.183
1573803762618,2019-11-15T15.42.42.618,2.052,-0.610,-3.598,-0.244
1573803762629,2019-11-15T15.42.42.629,2.063,-0.610,-3.415,-0.061
1573803762639,2019-11-15T15.42.42.639,2.073,-0.976,-3.293,0.122
1573803762649,2019-11-15T15.42.42.649,2.083,-1.159,-2.561,0.488
1573803762659,2019-11-15T15.42.42.659,2.093,-1.402,-1.707,0.793
1573803762670,2019-11-15T15.42.42.670,2.104,-1.707,-0.854,0.915
1573803762680,2019-11-15T15.42.42.680,2.114,-1.951,-0.061,0.793
1573803762690,2019-11-15T15.42.42.690,2.124,-2.134,0.610,0.671
1573803762700,2019-11-15T15.42.42.700,2.134,-1.951,0.915,1.037
1573803762711,2019-11-15T15.42.42.711,2.145,-1.707,0.000,1.220
1573803762719,2019-11-15T15.42.42.719,2.153,-1.098,-1.768,0.854
1573803762730,2019-11-15T15.42.42.730,2.164,-0.488,-3.415,0.427
1573803762740,2019-11-15T15.42.42.740,2.174,0.000,-4.268,0.427
1573803762750,2019-11-15T15.42.42.750,2.184,0.183,-4.146,0.244
1573803762760,2019-11-15T15.42.42.760,2.194,0.000,-3.415,0.244
1573803762771,2019-11-15T15.42.42.771,2.205,-0.366,-2.378,0.610
1573803762781,2019-11-15T15.42.42.781,2.215,-1.280,-0.549,0.488
1573803762791,2019-11-15T15.42.42.791,2.225,-2.012,1.402,0.244
1573803762801,2019-11-15T15.42.42.801,2.235,-2.439,2.561,-0.122
1573803762812,2019-11-15T15.42.42.812,2.246,-2.073,2.866,-0.244
1573803762821,2019-11-15T15.42.42.821,2.255,-1.220,2.195,-0.305
1573803762831,2019-11-15T15.42.42.831,2.265,-0.793,0.793,-0.305
1573803762841,2019-11-15T15.42.42.841,2.275,-0.366,-1.829,0.183
1573803762851,2019-11-15T15.42.42.851,2.285,-0.183,-4.024,0.671
1573803762862,2019-11-15T15.42.42.862,2.296,-0.061,-4.207,1.098
1573803762872,2019-11-15T15.42.42.872,2.306,-0.427,-2.378,1.098
1573803762882,2019-11-15T15.42.42.882,2.316,-0.610,0.671,0.732
1573803762892,2019-11-15T15.42.42.892,2.326,-0.915,3.049,0.122
1573803762903,2019-11-15T15.42.42.903,2.337,-0.854,3.293,-0.305
1573803762913,2019-11-15T15.42.42.913,2.347,-0.183,0.732,0.244
1573803762923,2019-11-15T15.42.42.923,2.357,0.549,-2.317,0.671
1573803762932,2019-11-15T15.42.42.932,2.366,0.976,-4.390,0.854
1573803762942,2019-11-15T15.42.42.942,2.376,1.341,-4.817,1.159
1573803762952,2019-11-15T15.42.42.952,2.386,1.768,-3.902,0.854
1573803762963,2019-11-15T15.42.42.963,2.397,2.073,-4.451,0.305
1573803762973,2019-11-15T15.42.42.973,2.407,2.500,-6.890,-0.610
1573803762983,2019-11-15T15.42.42.983,2.417,2.866,-9.695,-1.402
1573803762993,2019-11-15T15.42.42.993,2.427,2.500,-11.037,-1.341
1573803763004,2019-11-15T15.42.43.004,2.438,2.134,-10.976,-0.976
1573803763014,2019-11-15T15.42.43.014,2.448,1.585,-9.634,-0.061
1573803763024,2019-11-15T15.42.43.024,2.458,1.098,-7.378,0.915
1573803763033,2019-11-15T15.42.43.033,2.467,0.549,-4.634,1.159
1573803763043,2019-11-15T15.42.43.043,2.477,-0.061,-1.768,0.854
1573803763053,2019-11-15T15.42.43.053,2.487,-0.488,-0.488,0.427
1573803763064,2019-11-15T15.42.43.064,2.498,-0.732,-0.610,0.061
1573803763074,2019-11-15T15.42.43.074,2.508,-0.915,-1.037,-0.244
1573803763084,2019-11-15T15.42.43.084,2.518,-0.671,-1.341,-0.305
1573803763094,2019-11-15T15.42.43.094,2.528,-0.305,-1.463,-0.122
1573803763105,2019-11-15T15.42.43.105,2.539,-0.183,-1.402,0.122
1573803763115,2019-11-15T15.42.43.115,2.549,-0.244,-1.951,0.610
1573803763125,2019-11-15T15.42.43.125,2.559,-0.122,-2.500,1.524
1573803763135,2019-11-15T15.42.43.135,2.569,-0.305,-2.256,1.829
1573803763144,2019-11-15T15.42.43.144,2.578,-0.610,-0.976,1.829
1573803763154,2019-11-15T15.42.43.154,2.588,-0.976,0.732,1.402
1573803763165,2019-11-15T15.42.43.165,2.599,-1.037,2.256,0.732
1573803763175,2019-11-15T15.42.43.175,2.609,-0.732,2.561,0.183
1573803763185,2019-11-15T15.42.43.185,2.619,-0.183,1.524,0.244
1573803763196,2019-11-15T15.42.43.196,2.630,-0.061,-0.122,0.671
1573803763206,2019-11-15T15.42.43.206,2.640,-0.061,-1.829,1.159
1573803763216,2019-11-15T15.42.43.216,2.650,-0.183,-2.561,1.159
1573803763226,2019-11-15T15.42.43.226,2.660,-0.183,-1.829,0.976
1573803763235,2019-11-15T15.42.43.235,2.669,-0.122,0.061,0.793
1573803763245,2019-11-15T15.42.43.245,2.679,-0.122,2.134,0.183
1573803763256,2019-11-15T15.42.43.256,2.690,-0.366,3.110,-0.732
1573803763266,2019-11-15T15.42.43.266,2.700,-0.488,2.927,-1.098
1573803763276,2019-11-15T15.42.43.276,2.710,-0.183,1.646,-1.220
1573803763286,2019-11-15T15.42.43.286,2.720,-0.183,0.183,-0.976
1573803763297,2019-11-15T15.42.43.297,2.731,-0.244,-0.671,-0.305
1573803763307,2019-11-15T15.42.43.307,2.741,-0.366,-0.854,0.366
1573803763317,2019-11-15T15.42.43.317,2.751,-0.244,-0.854,0.671
1573803763327,2019-11-15T15.42.43.327,2.761,0.000,0.366,0.549
1573803763338,2019-11-15T15.42.43.338,2.772,0.061,1.037,0.244
1573803763346,2019-11-15T15.42.43.346,2.780,0.183,0.183,0.122
1573803763357,2019-11-15T15.42.43.357,2.791,-0.061,-1.402,0.305
1573803763367,2019-11-15T15.42.43.367,2.801,-0.488,-2.866,0.732
1573803763377,2019-11-15T15.42.43.377,2.811,-0.732,-3.110,0.732
1573803763387,2019-11-15T15.42.43.387,2.821,-0.610,-2.012,0.244
1573803763398,2019-11-15T15.42.43.398,2.832,-0.366,-0.427,-0.305
1573803763408,2019-11-15T15.42.43.408,2.842,0.183,0.244,-0.854
1573803763418,2019-11-15T15.42.43.418,2.852,0.854,-0.427,-1.341
1573803763428,2019-11-15T15.42.43.428,2.862,1.463,-1.890,-1.341
1573803763439,2019-11-15T15.42.43.439,2.873,1.707,-3.171,-1.402
1573803763449,2019-11-15T15.42.43.449,2.883,1.646,-2.805,-1.707
1573803763458,2019-11-15T15.42.43.458,2.892,1.037,-0.610,-1.159
1573803763468,2019-11-15T15.42.43.468,2.902,0.183,1.463,-0.549
1573803763478,2019-11-15T15.42.43.478,2.912,-0.488,1.707,0.000
1573803763488,2019-11-15T15.42.43.488,2.922,-0.854,0.976,0.244
1573803763499,2019-11-15T15.42.43.499,2.933,-0.915,0.244,-0.122
1573803763509,2019-11-15T15.42.43.509,2.943,-0.976,-0.488,-0.244
1573803763519,2019-11-15T15.42.43.519,2.953,-0.854,-1.220,-0.488
1573803763529,2019-11-15T15.42.43.529,2.963,-0.610,-1.280,-0.793
1573803763540,2019-11-15T15.42.43.540,2.974,-0.549,-0.610,-0.854
1573803763550,2019-11-15T15.42.43.550,2.984,0.000,-0.305,-1.037
1573803763559,2019-11-15T15.42.43.559,2.993,0.122,-0.427,-1.098
1573803763569,2019-11-15T15.42.43.569,3.003,0.000,-0.427,-0.976
1573803763579,2019-11-15T15.42.43.579,3.013,-0.305,0.366,-0.854
1573803763590,2019-11-15T15.42.43.590,3.024,-0.549,0.976,-0.610
1573803763600,2019-11-15T15.42.43.600,3.034,-0.305,0.549,-0.427
1573803763610,2019-11-15T15.42.43.610,3.044,-0.061,0.000,-0.244
1573803763620,2019-11-15T15.42.43.620,3.054,0.244,-0.549,-0.366
1573803763631,2019-11-15T15.42.43.631,3.065,0.671,-1.037,-0.305
1573803763641,2019-11-15T15.42.43.641,3.075,0.793,-1.037,-0.244
1573803763651,2019-11-15T15.42.43.651,3.085,0.793,-0.915,-0.366
1573803763660,2019-11-15T15.42.43.660,3.094,0.671,-0.366,-0.549
1573803763670,2019-11-15T15.42.43.670,3.104,0.366,0.305,-0.427
1573803763680,2019-11-15T15.42.43.680,3.114,0.061,0.732,-0.244
1573803763691,2019-11-15T15.42.43.691,3.125,-0.244,1.402,-0.122
1573803763701,2019-11-15T15.42.43.701,3.135,-0.122,1.463,0.183
1573803763711,2019-11-15T15.42.43.711,3.145,0.305,-0.244,0.366
1573803763721,2019-11-15T15.42.43.721,3.155,0.610,-2.317,0.122
1573803763732,2019-11-15T15.42.43.732,3.166,0.854,-2.988,0.000
1573803763742,2019-11-15T15.42.43.742,3.176,0.732,-2.622,0.305
1573803763752,2019-11-15T15.42.43.752,3.186,0.549,-2.195,0.854
1573803763762,2019-11-15T15.42.43.762,3.196,0.244,-1.159,0.976
1573803763771,2019-11-15T15.42.43.771,3.205,-0.244,1.037,0.793
1573803763781,2019-11-15T15.42.43.781,3.215,-0.305,2.561,0.183
1573803763792,2019-11-15T15.42.43.792,3.226,0.122,2.988,-0.366
1573803763802,2019-11-15T15.42.43.802,3.236,0.305,2.012,-0.732
1573803763812,2019-11-15T15.42.43.812,3.246,0.732,0.000,-0.427
1573803763822,2019-11-15T15.42.43.822,3.256,0.793,-1.829,0.244
1573803763833,2019-11-15T15.42.43.833,3.267,0.549,-2.622,1.037
1573803763843,2019-11-15T15.42.43.843,3.277,0.183,-1.951,1.280
1573803763853,2019-11-15T15.42.43.853,3.287,-0.122,-0.122,0.976
1573803763863,2019-11-15T15.42.43.863,3.297,-0.244,1.585,0.976
1573803763872,2019-11-15T15.42.43.872,3.306,0.000,2.134,0.854
1573803763883,2019-11-15T15.42.43.883,3.317,0.061,1.402,0.671
1573803763893,2019-11-15T15.42.43.893,3.327,0.000,-0.061,0.732
1573803763903,2019-11-15T15.42.43.903,3.337,-0.549,-0.671,0.915
1573803763913,2019-11-15T15.42.43.913,3.347,-0.793,0.122,0.671
1573803763924,2019-11-15T15.42.43.924,3.358,-0.549,1.707,0.671
1573803763934,2019-11-15T15.42.43.934,3.368,0.061,2.500,0.732
1573803763944,2019-11-15T15.42.43.944,3.378,0.366,2.866,0.122
1573803763954,2019-11-15T15.42.43.954,3.388,0.549,2.927,-0.366
1573803763965,2019-11-15T15.42.43.965,3.399,0.854,1.890,-0.122
1573803763975,2019-11-15T15.42.43.975,3.409,1.159,-0.244,0.244
1573803763984,2019-11-15T15.42.43.984,3.418,1.037,-2.439,0.000
1573803763994,2019-11-15T15.42.43.994,3.428,0.793,-2.256,-0.427
1573803764004,2019-11-15T15.42.44.004,3.438,0.183,0.549,-1.159
1573803764014,2019-11-15T15.42.44.014,3.448,-0.366,3.415,-1.159
1573803764025,2019-11-15T15.42.44.025,3.459,-0.793,3.902,-0.549
1573803764035,2019-11-15T15.42.44.035,3.469,-0.976,2.561,-0.244
1573803764045,2019-11-15T15.42.44.045,3.479,-1.098,1.159,0.244
1573803764055,2019-11-15T15.42.44.055,3.489,-1.159,0.244,0.854
1573803764066,2019-11-15T15.42.44.066,3.500,-0.915,0.793,1.220
1573803764076,2019-11-15T15.42.44.076,3.510,-0.671,1.585,0.976
1573803764085,2019-11-15T15.42.44.085,3.519,-0.183,1.280,0.854
1573803764096,2019-11-15T15.42.44.096,3.530,0.488,0.061,0.793
1573803764105,2019-11-15T15.42.44.105,3.539,1.037,-1.768,0.488
1573803764115,2019-11-15T15.42.44.115,3.549,1.341,-3.354,0.244
1573803764126,2019-11-15T15.42.44.126,3.560,1.280,-3.780,-0.244
1573803764136,2019-11-15T15.42.44.136,3.570,1.098,-2.134,-0.488
1573803764146,2019-11-15T15.42.44.146,3.580,0.488,0.183,-0.244
1573803764156,2019-11-15T15.42.44.156,3.590,0.061,1.707,0.122
1573803764167,2019-11-15T15.42.44.167,3.601,0.000,2.073,0.549
1573803764177,2019-11-15T15.42.44.177,3.611,-0.305,1.341,1.280
1573803764187,2019-11-15T15.42.44.187,3.621,-0.488,0.183,1.646
1573803764196,2019-11-15T15.42.44.196,3.630,-0.366,-1.037,1.585
1573803764206,2019-11-15T15.42.44.206,3.640,-0.305,-1.768,1.585
1573803764217,2019-11-15T15.42.44.217,3.651,-0.305,-2.500,1.280
1573803764227,2019-11-15T15.42.44.227,3.661,-0.183,-2.927,0.427
1573803764237,2019-11-15T15.42.44.237,3.671,-0.061,-1.890,0.305
1573803764247,2019-11-15T15.42.44.247,3.681,-0.244,-1.524,0.488
1573803764258,2019-11-15T15.42.44.258,3.692,-0.305,-1.646,0.427
1573803764268,2019-11-15T15.42.44.268,3.702,-0.427,-1.037,0.488
1573803764278,2019-11-15T15.42.44.278,3.712,-0.427,-0.549,0.366
1573803764288,2019-11-15T15.42.44.288,3.722,-0.244,-0.305,0.061
1573803764297,2019-11-15T15.42.44.297,3.731,0.000,-0.366,-0.061
1573803764307,2019-11-15T15.42.44.307,3.741,0.122,0.183,-0.244
1573803764318,2019-11-15T15.42.44.318,3.752,0.122,0.793,-0.305
1573803764328,2019-11-15T15.42.44.328,3.762,-0.549,1.098,-0.610
1573803764338,2019-11-15T15.42.44.338,3.772,-0.976,1.585,-0.854
1573803764348,2019-11-15T15.42.44.348,3.782,-1.402,2.073,-0.732
1573803764359,2019-11-15T15.42.44.359,3.793,-1.890,1.707,-0.366
1573803764369,2019-11-15T15.42.44.369,3.803,-2.073,1.037,0.061
1573803764379,2019-11-15T15.42.44.379,3.813,-1.890,0.732,0.183
1573803764389,2019-11-15T15.42.44.389,3.823,-1.768,1.098,-0.305
1573803764400,2019-11-15T15.42.44.400,3.834,-1.524,1.707,-0.549
1573803764408,2019-11-15T15.42.44.408,3.842,-1.159,1.646,-0.488
1573803764419,2019-11-15T15.42.44.419,3.853,-0.915,1.098,-0.671
1573803764429,2019-11-15T15.42.44.429,3.863,-0.976,-0.488,-0.671
1573803764439,2019-11-15T15.42.44.439,3.873,-0.732,-2.134,-0.671
1573803764449,2019-11-15T15.42.44.449,3.883,-0.549,-2.195,-1.646
1573803764460,2019-11-15T15.42.44.460,3.894,-0.366,0.000,-2.866
1573803764470,2019-11-15T15.42.44.470,3.904,-0.610,1.951,-2.744
1573803764480,2019-11-15T15.42.44.480,3.914,-0.793,1.280,-2.195
1573803764490,2019-11-15T15.42.44.490,3.924,-0.854,-0.915,-1.646
1573803764501,2019-11-15T15.42.44.501,3.935,-1.220,-2.317,-1.037
1573803764509,2019-11-15T15.42.44.509,3.943,-1.463,-2.317,-0.732
1573803764520,2019-11-15T15.42.44.520,3.954,-1.341,-1.098,-0.671
1573803764530,2019-11-15T15.42.44.530,3.964,-1.707,0.488,-0.671
1573803764540,2019-11-15T15.42.44.540,3.974,-2.012,1.890,-0.671
1573803764550,2019-11-15T15.42.44.550,3.984,-2.317,2.744,-0.915
1573803764561,2019-11-15T15.42.44.561,3.995,-2.683,2.195,-1.280
1573803764571,2019-11-15T15.42.44.571,4.005,-2.500,0.732,-1.646
1573803764581,2019-11-15T15.42.44.581,4.015,-2.073,-0.244,-1.585
1573803764592,2019-11-15T15.42.44.592,4.026,-1.829,-1.037,-1.220
1573803764602,2019-11-15T15.42.44.602,4.036,-1.037,-1.829,-0.915
1573803764612,2019-11-15T15.42.44.612,4.046,-0.427,-1.829,-0.610
1573803764621,2019-11-15T15.42.44.621,4.055,-0.122,-1.646,-0.488
1573803764631,2019-11-15T15.42.44.631,4.065,0.122,-1.402,-0.793
1573803764641,2019-11-15T15.42.44.641,4.075,0.183,-1.341,-1.037
1573803764652,2019-11-15T15.42.44.652,4.086,-0.061,-1.402,-1.037
1573803764662,2019-11-15T15.42.44.662,4.096,-0.305,-1.159,-1.280
1573803764672,2019-11-15T15.42.44.672,4.106,-0.244,-0.183,-1.402
1573803764682,2019-11-15T15.42.44.682,4.116,-0.244,0.427,-1.220
1573803764693,2019-11-15T15.42.44.693,4.127,-0.183,0.366,-1.280
1573803764703,2019-11-15T15.42.44.703,4.137,-0.183,-0.549,-0.793
1573803764713,2019-11-15T15.42.44.713,4.147,-0.061,-2.012,-0.183
1573803764722,2019-11-15T15.42.44.722,4.156,-0.244,-2.988,0.122
1573803764732,2019-11-15T15.42.44.732,4.166,-0.488,-3.049,0.000
1573803764742,2019-11-15T15.42.44.742,4.176,-0.793,-2.073,-0.488
1573803764753,2019-11-15T15.42.44.753,4.187,-1.159,-0.488,-0.854
1573803764763,2019-11-15T15.42.44.763,4.197,-1.159,0.427,-0.976
1573803764773,2019-11-15T15.42.44.773,4.207,-0.915,0.610,-1.280
1573803764783,2019-11-15T15.42.44.783,4.217,-1.037,0.366,-1.402
1573803764794,2019-11-15T15.42.44.794,4.228,-1.098,-0.366,-1.402
1573803764804,2019-11-15T15.42.44.804,4.238,-0.854,-0.854,-1.646
1573803764814,2019-11-15T15.42.44.814,4.248,-0.488,-0.793,-1.524
1573803764823,2019-11-15T15.42.44.823,4.257,-0.183,-0.671,-1.220
1573803764833,2019-11-15T15.42.44.833,4.267,0.122,-1.646,-1.098
1573803764843,2019-11-15T15.42.44.843,4.277,0.122,-2.805,-1.402
1573803764854,2019-11-15T15.42.44.854,4.288,0.122,-3.415,-1.463
1573803764864,2019-11-15T15.42.44.864,4.298,0.183,-4.390,-0.976
1573803764874,2019-11-15T15.42.44.874,4.308,0.732,-5.305,-0.854
1573803764884,2019-11-15T15.42.44.884,4.318,0.976,-5.305,-1.159
1573803764895,2019-11-15T15.42.44.895,4.329,0.793,-4.512,-1.524
1573803764905,2019-11-15T15.42.44.905,4.339,0.915,-3.293,-1.646
1573803764915,2019-11-15T15.42.44.915,4.349,0.427,-1.707,-1.646
1573803764925,2019-11-15T15.42.44.925,4.359,-0.366,-0.305,-1.037
1573803764934,2019-11-15T15.42.44.934,4.368,-0.488,-0.244,-0.244
1573803764945,2019-11-15T15.42.44.945,4.379,-0.305,-0.854,0.366
1573803764955,2019-11-15T15.42.44.955,4.389,-0.671,-1.402,0.549
1573803764965,2019-11-15T15.42.44.965,4.399,-0.854,-1.159,0.793
1573803764975,2019-11-15T15.42.44.975,4.409,-0.976,-0.183,0.915
1573803764986,2019-11-15T15.42.44.986,4.420,-0.976,0.915,0.854
1573803764996,2019-11-15T15.42.44.996,4.430,-0.610,0.793,0.183
1573803765006,2019-11-15T15.42.45.006,4.440,-0.427,0.549,-0.793
1573803765016,2019-11-15T15.42.45.016,4.450,-0.366,0.366,-1.280
1573803765027,2019-11-15T15.42.45.027,4.461,-0.061,-0.488,-1.037
1573803765035,2019-11-15T15.42.45.035,4.469,-0.122,-1.707,-0.976
1573803765046,2019-11-15T15.42.45.046,4.480,-0.305,-2.500,-0.732
1573803765056,2019-11-15T15.42.45.056,4.490,-0.305,-2.988,-0.427
1573803765066,2019-11-15T15.42.45.066,4.500,-0.427,-2.500,-1.098
1573803765076,2019-11-15T15.42.45.076,4.510,-0.183,-1.159,-1.463
1573803765087,2019-11-15T15.42.45.087,4.521,-0.061,-0.183,-1.707
1573803765097,2019-11-15T15.42.45.097,4.531,-0.061,-0.488,-2.012
1573803765107,2019-11-15T15.42.45.107,4.541,-0.122,-1.585,-2.073
1573803765117,2019-11-15T15.42.45.117,4.551,-0.061,-2.683,-1.768
1573803765128,2019-11-15T15.42.45.128,4.562,0.061,-4.024,-1.463
1573803765138,2019-11-15T15.42.45.138,4.572,0.488,-4.329,-1.646
1573803765147,2019-11-15T15.42.45.147,4.581,0.610,-3.659,-1.951
1573803765157,2019-11-15T15.42.45.157,4.591,0.427,-2.805,-2.134
1573803765167,2019-11-15T15.42.45.167,4.601,0.305,-2.439,-2.134
1573803765177,2019-11-15T15.42.45.177,4.611,0.366,-2.927,-1.646
1573803765188,2019-11-15T15.42.45.188,4.622,0.000,-4.329,-1.159
1573803765198,2019-11-15T15.42.45.198,4.632,-0.183,-5.793,-0.854
1573803765208,2019-11-15T15.42.45.208,4.642,-0.244,-6.280,-0.671
1573803765218,2019-11-15T15.42.45.218,4.652,-0.244,-6.341,-0.671
1573803765229,2019-11-15T15.42.45.229,4.663,-0.122,-5.061,-1.159
1573803765239,2019-11-15T15.42.45.239,4.673,0.000,-3.537,-1.707
1573803765248,2019-11-15T15.42.45.248,4.682,0.061,-2.256,-1.402
1573803765258,2019-11-15T15.42.45.258,4.692,-0.305,-2.256,-1.159
1573803765268,2019-11-15T15.42.45.268,4.702,-0.671,-2.805,-0.488
1573803765279,2019-11-15T15.42.45.279,4.713,-1.220,-2.805,0.061
1573803765289,2019-11-15T15.42.45.289,4.723,-1.768,-1.890,-0.061
1573803765299,2019-11-15T15.42.45.299,4.733,-2.012,-0.610,-0.244
1573803765309,2019-11-15T15.42.45.309,4.743,-1.707,0.671,-0.549
1573803765320,2019-11-15T15.42.45.320,4.754,-1.098,1.707,-1.341
1573803765330,2019-11-15T15.42.45.330,4.764,-0.793,1.341,-1.585
1573803765340,2019-11-15T15.42.45.340,4.774,-0.488,-0.183,-1.402
1573803765350,2019-11-15T15.42.45.350,4.784,-0.244,-2.256,-1.037
1573803765359,2019-11-15T15.42.45.359,4.793,-0.427,-3.537,0.000
1573803765369,2019-11-15T15.42.45.369,4.803,-0.854,-3.415,0.671
1573803765380,2019-11-15T15.42.45.380,4.814,-1.524,-2.805,1.220
1573803765390,2019-11-15T15.42.45.390,4.824,-1.585,-1.890,1.402
1573803765400,2019-11-15T15.42.45.400,4.834,-1.646,-0.488,1.220
1573803765410,2019-11-15T15.42.45.410,4.844,-1.402,0.366,0.854
1573803765421,2019-11-15T15.42.45.421,4.855,-1.098,0.366,0.854
1573803765431,2019-11-15T15.42.45.431,4.865,-0.671,-0.976,1.524
1573803765441,2019-11-15T15.42.45.441,4.875,-0.183,-2.805,2.317
1573803765451,2019-11-15T15.42.45.451,4.885,0.061,-4.146,3.354
1573803765460,2019-11-15T15.42.45.460,4.894,0.244,-4.268,3.659
1573803765470,2019-11-15T15.42.45.470,4.904,0.366,-3.476,3.354
1573803765481,2019-11-15T15.42.45.481,4.915,0.549,-2.866,2.988
1573803765491,2019-11-15T15.42.45.491,4.925,0.671,-2.744,2.439
1573803765501,2019-11-15T15.42.45.501,4.935,0.488,-3.476,1.646
1573803765511,2019-11-15T15.42.45.511,4.945,0.305,-5.244,1.341
1573803765522,2019-11-15T15.42.45.522,4.956,-0.305,-6.341,1.463
1573803765532,2019-11-15T15.42.45.532,4.966,-1.098,-6.220,2.500
1573803765542,2019-11-15T15.42.45.542,4.976,-1.768,-5.610,3.841
1573803765552,2019-11-15T15.42.45.552,4.986,-2.683,-3.902,3.659
1573803765561,2019-11-15T15.42.45.561,4.995,-3.476,-1.524,3.110
1573803765571,2019-11-15T15.42.45.571,5.005,-3.963,-0.183,2.866
1573803765582,2019-11-15T15.42.45.582,5.016,-3.963,-0.366,2.134
1573803765592,2019-11-15T15.42.45.592,5.026,-3.659,-1.098,1.098
1573803765602,2019-11-15T15.42.45.602,5.036,-3.171,-1.524,0.061
1573803765613,2019-11-15T15.42.45.613,5.047,-3.171,-2.378,-0.427
1573803765623,2019-11-15T15.42.45.623,5.057,-2.866,-4.268,0.000
1573803765633,2019-11-15T15.42.45.633,5.067,-2.683,-5.488,0.305
1573803765643,2019-11-15T15.42.45.643,5.077,-2.805,-5.305,0.183
1573803765654,2019-11-15T15.42.45.654,5.088,-3.110,-4.512,0.244
1573803765664,2019-11-15T15.42.45.664,5.098,-3.354,-3.720,0.244
1573803765673,2019-11-15T15.42.45.673,5.107,-3.476,-4.146,0.427
1573803765683,2019-11-15T15.42.45.683,5.117,-2.927,-5.122,0.305
1573803765693,2019-11-15T15.42.45.693,5.127,-2.378,-5.854,-0.366
1573803765703,2019-11-15T15.42.45.703,5.137,-2.012,-5.976,-0.732
1573803765714,2019-11-15T15.42.45.714,5.148,-1.646,-5.183,-1.341
1573803765724,2019-11-15T15.42.45.724,5.158,-1.280,-4.695,-1.829
1573803765734,2019-11-15T15.42.45.734,5.168,-0.366,-5.061,-1.524
1573803765744,2019-11-15T15.42.45.744,5.178,0.000,-5.610,-1.280
1573803765755,2019-11-15T15.42.45.755,5.189,-0.122,-5.366,-0.854
1573803765765,2019-11-15T15.42.45.765,5.199,-0.488,-4.817,-0.061
1573803765774,2019-11-15T15.42.45.774,5.208,-0.915,-4.268,0.305
1573803765784,2019-11-15T15.42.45.784,5.218,-1.098,-2.927,0.122
1573803765794,2019-11-15T15.42.45.794,5.228,-0.793,-1.280,-0.488
1573803765804,2019-11-15T15.42.45.804,5.238,-0.305,-1.098,-1.524
1573803765815,2019-11-15T15.42.45.815,5.249,0.488,-2.744,-1.707
1573803765825,2019-11-15T15.42.45.825,5.259,0.915,-4.573,-0.976
1573803765835,2019-11-15T15.42.45.835,5.269,0.976,-5.732,-0.305
1573803765845,2019-11-15T15.42.45.845,5.279,0.854,-6.220,0.366
1573803765856,2019-11-15T15.42.45.856,5.290,0.427,-5.549,0.793
1573803765866,2019-11-15T15.42.45.866,5.300,-0.061,-4.207,0.854
1573803765876,2019-11-15T15.42.45.876,5.310,-0.610,-2.439,0.549
1573803765885,2019-11-15T15.42.45.885,5.319,-1.037,-1.220,0.183
1573803765895,2019-11-15T15.42.45.895,5.329,-1.463,-0.366,0.244
1573803765905,2019-11-15T15.42.45.905,5.339,-1.707,0.122,0.793
1573803765916,2019-11-15T15.42.45.916,5.350,-1.646,-0.305,1.951
1573803765926,2019-11-15T15.42.45.926,5.360,-1.402,-1.829,2.683
1573803765936,2019-11-15T15.42.45.936,5.370,-0.976,-3.354,2.744
1573803765946,2019-11-15T15.42.45.946,5.380,-0.366,-4.756,3.049
1573803765957,2019-11-15T15.42.45.957,5.391,0.061,-5.549,2.500
1573803765967,2019-11-15T15.42.45.967,5.401,-0.122,-5.122,1.707
1573803765977,2019-11-15T15.42.45.977,5.411,-0.061,-3.720,2.256
1573803765986,2019-11-15T15.42.45.986,5.420,-0.061,-3.232,2.927
1573803765996,2019-11-15T15.42.45.996,5.430,-0.244,-3.963,3.232
1573803766007,2019-11-15T15.42.46.007,5.441,-0.793,-4.695,3.902
1573803766017,2019-11-15T15.42.46.017,5.451,-1.341,-4.695,4.756
1573803766027,2019-11-15T15.42.46.027,5.461,-1.829,-4.146,5.183
1573803766037,2019-11-15T15.42.46.037,5.471,-2.439,-3.415,5.244
1573803766048,2019-11-15T15.42.46.048,5.482,-3.049,-1.463,5.183
1573803766058,2019-11-15T15.42.46.058,5.492,-3.659,0.610,4.878
1573803766068,2019-11-15T15.42.46.068,5.502,-3.902,1.524,4.695
1573803766078,2019-11-15T15.42.46.078,5.512,-4.024,2.317,4.817
1573803766087,2019-11-15T15.42.46.087,5.521,-3.841,3.902,5.000
1573803766097,2019-11-15T15.42.46.097,5.531,-3.415,4.573,4.817
1573803766108,2019-11-15T15.42.46.108,5.542,-2.805,4.512,4.207
1573803766118,2019-11-15T15.42.46.118,5.552,-2.317,4.146,3.354
1573803766128,2019-11-15T15.42.46.128,5.562,-1.829,3.963,2.744
1573803766138,2019-11-15T15.42.46.138,5.572,-1.220,2.805,2.378
1573803766149,2019-11-15T15.42.46.149,5.583,0.000,1.646,1.524
1573803766159,2019-11-15T15.42.46.159,5.593,0.671,1.159,0.488
1573803766169,2019-11-15T15.42.46.169,5.603,1.524,1.585,-0.122
1573803766179,2019-11-15T15.42.46.179,5.613,2.317,2.012,-0.305
1573803766190,2019-11-15T15.42.46.190,5.624,2.805,1.463,-0.305
1573803766198,2019-11-15T15.42.46.198,5.632,3.293,0.671,-0.793
1573803766209,2019-11-15T15.42.46.209,5.643,3.415,-0.366,-1.098
1573803766219,2019-11-15T15.42.46.219,5.653,3.110,-1.463,-1.159
1573803766229,2019-11-15T15.42.46.229,5.663,3.293,-1.768,-1.402
1573803766239,2019-11-15T15.42.46.239,5.673,3.476,-0.793,-1.646
1573803766250,2019-11-15T15.42.46.250,5.684,3.354,0.061,-1.463
1573803766260,2019-11-15T15.42.46.260,5.694,3.171,0.061,-1.463
1573803766270,2019-11-15T15.42.46.270,5.704,2.866,0.244,-1.768
1573803766280,2019-11-15T15.42.46.280,5.714,2.500,0.793,-2.378
1573803766291,2019-11-15T15.42.46.291,5.725,2.561,0.976,-2.317
1573803766300,2019-11-15T15.42.46.300,5.734,2.439,0.488,-2.378
1573803766310,2019-11-15T15.42.46.310,5.744,2.439,0.000,-2.195
1573803766320,2019-11-15T15.42.46.320,5.754,2.317,-0.427,-1.585
1573803766330,2019-11-15T15.42.46.330,5.764,2.073,-1.037,-0.976
1573803766341,2019-11-15T15.42.46.341,5.775,1.707,-1.402,-0.488
1573803766351,2019-11-15T15.42.46.351,5.785,1.280,-0.549,-0.366
1573803766361,2019-11-15T15.42.46.361,5.795,0.793,0.915,-0.915
1573803766371,2019-11-15T15.42.46.371,5.805,0.793,1.524,-1.646
1573803766382,2019-11-15T15.42.46.382,5.816,0.915,1.524,-2.500
1573803766392,2019-11-15T15.42.46.392,5.826,1.098,0.976,-2.744
1573803766402,2019-11-15T15.42.46.402,5.836,1.159,-0.732,-2.256
1573803766411,2019-11-15T15.42.46.411,5.845,1.159,-2.622,-1.829
1573803766421,2019-11-15T15.42.46.421,5.855,0.427,-3.354,-1.220
1573803766431,2019-11-15T15.42.46.431,5.865,-0.183,-3.110,-0.976
1573803766442,2019-11-15T15.42.46.442,5.876,-0.793,-1.220,-1.402
1573803766452,2019-11-15T15.42.46.452,5.886,-1.280,1.341,-1.890
1573803766462,2019-11-15T15.42.46.462,5.896,-1.280,2.805,-1.829
1573803766472,2019-11-15T15.42.46.472,5.906,-1.098,2.622,-2.378
1573803766483,2019-11-15T15.42.46.483,5.917,-0.732,0.793,-2.988
1573803766493,2019-11-15T15.42.46.493,5.927,0.000,-0.732,-3.049
1573803766503,2019-11-15T15.42.46.503,5.937,0.366,-0.854,-2.988
1573803766512,2019-11-15T15.42.46.512,5.946,0.610,-1.341,-2.317
1573803766522,2019-11-15T15.42.46.522,5.956,0.427,-1.707,-1.463
1573803766532,2019-11-15T15.42.46.532,5.966,-0.122,-0.732,-1.402
1573803766543,2019-11-15T15.42.46.543,5.977,-0.671,0.488,-1.829
1573803766553,2019-11-15T15.42.46.553,5.987,-1.037,1.159,-2.012
1573803766563,2019-11-15T15.42.46.563,5.997,-1.159,0.732,-2.134
1573803766573,2019-11-15T15.42.46.573,6.007,-1.280,0.488,-2.378
1573803766584,2019-11-15T15.42.46.584,6.018,-1.402,0.915,-2.317
1573803766594,2019-11-15T15.42.46.594,6.028,-1.159,0.915,-2.134
1573803766604,2019-11-15T15.42.46.604,6.038,-0.976,1.463,-2.378
1573803766614,2019-11-15T15.42.46.614,6.048,-0.976,2.622,-2.744
1573803766623,2019-11-15T15.42.46.623,6.057,-0.671,2.622,-2.744
1573803766633,2019-11-15T15.42.46.633,6.067,-0.305,1.585,-2.866
1573803766644,2019-11-15T15.42.46.644,6.078,-0.061,1.220,-2.683
1573803766654,2019-11-15T15.42.46.654,6.088,-0.061,0.915,-2.012
1573803766664,2019-11-15T15.42.46.664,6.098,0.061,0.183,-1.220
1573803766675,2019-11-15T15.42.46.675,6.109,-0.061,-0.244,-0.793
1573803766685,2019-11-15T15.42.46.685,6.119,-0.061,0.976,-0.610
1573803766695,2019-11-15T15.42.46.695,6.129,0.000,2.683,-0.915
1573803766705,2019-11-15T15.42.46.705,6.139,0.122,2.683,-1.159
1573803766716,2019-11-15T15.42.46.716,6.150,0.244,1.280,-0.976
1573803766724,2019-11-15T15.42.46.724,6.158,0.366,0.610,-0.976
1573803766735,2019-11-15T15.42.46.735,6.169,0.427,0.732,-0.793
1573803766745,2019-11-15T15.42.46.745,6.179,0.366,0.427,-0.610
1573803766755,2019-11-15T15.42.46.755,6.189,0.610,-0.244,-0.427
1573803766765,2019-11-15T15.42.46.765,6.199,0.732,-0.854,-0.183
1573803766776,2019-11-15T15.42.46.776,6.210,0.854,-1.220,-0.183
1573803766786,2019-11-15T15.42.46.786,6.220,0.976,-1.463,-0.671
1573803766796,2019-11-15T15.42.46.796,6.230,1.098,-1.951,-0.915
1573803766806,2019-11-15T15.42.46.806,6.240,1.220,-1.220,-1.280
1573803766817,2019-11-15T15.42.46.817,6.251,0.793,0.488,-1.707
1573803766825,2019-11-15T15.42.46.825,6.259,0.366,1.037,-1.646
1573803766836,2019-11-15T15.42.46.836,6.270,0.000,0.793,-1.220
1573803766846,2019-11-15T15.42.46.846,6.280,-0.549,0.000,-0.610
1573803766856,2019-11-15T15.42.46.856,6.290,-0.854,-1.098,0.366
1573803766866,2019-11-15T15.42.46.866,6.300,-1.098,-1.768,1.341
1573803766877,2019-11-15T15.42.46.877,6.311,-1.402,-1.585,1.524
1573803766887,2019-11-15T15.42.46.887,6.321,-1.707,-0.732,1.646
1573803766897,2019-11-15T15.42.46.897,6.331,-1.890,-0.305,1.585
1573803766907,2019-11-15T15.42.46.907,6.341,-2.073,-0.366,1.524
1573803766918,2019-11-15T15.42.46.918,6.352,-2.317,-0.549,1.098
1573803766928,2019-11-15T15.42.46.928,6.362,-2.500,-0.183,0.671
1573803766937,2019-11-15T15.42.46.937,6.371,-2.500,0.244,0.671
1573803766947,2019-11-15T15.42.46.947,6.381,-2.378,0.366,0.793
1573803766957,2019-11-15T15.42.46.957,6.391,-2.134,0.488,0.549
1573803766967,2019-11-15T15.42.46.967,6.401,-1.768,2.195,-0.244
1573803766978,2019-11-15T15.42.46.978,6.412,-1.220,3.537,-0.793
1573803766988,2019-11-15T15.42.46.988,6.422,-0.610,2.500,-0.732
1573803766998,2019-11-15T15.42.46.998,6.432,0.427,-0.183,-0.488
1573803767008,2019-11-15T15.42.47.008,6.442,1.280,-2.988,-0.305
1573803767019,2019-11-15T15.42.47.019,6.453,1.829,-4.695,-0.305
1573803767029,2019-11-15T15.42.47.029,6.463,2.073,-4.451,-1.098
1573803767038,2019-11-15T15.42.47.038,6.472,1.951,-2.012,-1.829
1573803767048,2019-11-15T15.42.47.048,6.482,1.890,0.061,-2.317
1573803767058,2019-11-15T15.42.47.058,6.492,2.012,-0.183,-3.232
1573803767069,2019-11-15T15.42.47.069,6.503,1.890,-1.646,-3.537
1573803767079,2019-11-15T15.42.47.079,6.513,1.524,-2.622,-3.232
1573803767089,2019-11-15T15.42.47.089,6.523,1.220,-1.768,-3.110
1573803767099,2019-11-15T15.42.47.099,6.533,1.098,0.000,-3.049
1573803767110,2019-11-15T15.42.47.110,6.544,1.159,1.890,-3.354
1573803767120,2019-11-15T15.42.47.120,6.554,1.402,3.049,-4.024
1573803767130,2019-11-15T15.42.47.130,6.564,1.341,2.988,-4.512
1573803767139,2019-11-15T15.42.47.139,6.573,1.585,1.402,-4.817
1573803767149,2019-11-15T15.42.47.149,6.583,1.585,-0.915,-5.000
1573803767159,2019-11-15T15.42.47.159,6.593,1.524,-1.829,-5.000
1573803767170,2019-11-15T15.42.47.170,6.604,1.098,-0.854,-4.817
1573803767180,2019-11-15T15.42.47.180,6.614,0.671,0.732,-4.817
1573803767190,2019-11-15T15.42.47.190,6.624,0.366,2.439,-4.878
1573803767200,2019-11-15T15.42.47.200,6.634,-0.061,4.085,-4.939
1573803767211,2019-11-15T15.42.47.211,6.645,-0.061,5.122,-4.756
1573803767221,2019-11-15T15.42.47.221,6.655,0.122,4.451,-4.207
1573803767231,2019-11-15T15.42.47.231,6.665,0.122,3.110,-4.085
1573803767240,2019-11-15T15.42.47.240,6.674,0.427,1.463,-4.146
1573803767250,2019-11-15T15.42.47.250,6.684,0.976,-0.366,-4.024
1573803767260,2019-11-15T15.42.47.260,6.694,0.915,-1.463,-3.598
1573803767271,2019-11-15T15.42.47.271,6.705,0.732,-1.768,-3.232
1573803767281,2019-11-15T15.42.47.281,6.715,0.488,-1.463,-2.805
1573803767291,2019-11-15T15.42.47.291,6.725,0.000,-0.488,-2.012
1573803767301,2019-11-15T15.42.47.301,6.735,-0.366,-0.122,-1.159
1573803767312,2019-11-15T15.42.47.312,6.746,-0.549,0.427,-0.793
1573803767322,2019-11-15T15.42.47.322,6.756,-0.854,0.610,-0.427
1573803767332,2019-11-15T15.42.47.332,6.766,-0.854,-0.061,0.305
1573803767342,2019-11-15T15.42.47.342,6.776,-0.915,-1.037,0.854
1573803767351,2019-11-15T15.42.47.351,6.785,-0.732,-1.402,1.463
1573803767362,2019-11-15T15.42.47.362,6.796,-0.854,-1.159,1.646
1573803767372,2019-11-15T15.42.47.372,6.806,-0.915,-0.244,1.585
1573803767382,2019-11-15T15.42.47.382,6.816,-0.854,0.549,1.585
1573803767392,2019-11-15T15.42.47.392,6.826,-0.854,1.220,1.402
1573803767403,2019-11-15T15.42.47.403,6.837,-0.854,1.524,1.463
1573803767413,2019-11-15T15.42.47.413,6.847,-1.037,1.037,2.012
1573803767423,2019-11-15T15.42.47.423,6.857,-1.280,0.305,2.683
1573803767433,2019-11-15T15.42.47.433,6.867,-1.463,0.061,3.232
1573803767444,2019-11-15T15.42.47.444,6.878,-1.280,0.183,3.476
1573803767452,2019-11-15T15.42.47.452,6.886,-1.463,0.854,3.171
1573803767463,2019-11-15T15.42.47.463,6.897,-1.646,1.159,2.927
1573803767473,2019-11-15T15.42.47.473,6.907,-1.585,0.488,2.500
1573803767483,2019-11-15T15.42.47.483,6.917,-1.463,-0.244,1.951
1573803767493,2019-11-15T15.42.47.493,6.927,-1.707,-0.183,1.402
1573803767504,2019-11-15T15.42.47.504,6.938,-2.073,0.671,1.402
1573803767514,2019-11-15T15.42.47.514,6.948,-2.256,1.402,1.768
1573803767524,2019-11-15T15.42.47.524,6.958,-2.195,1.585,2.134
1573803767534,2019-11-15T15.42.47.534,6.968,-1.951,1.220,2.317
1573803767545,2019-11-15T15.42.47.545,6.979,-1.463,0.915,2.012
1573803767553,2019-11-15T15.42.47.553,6.987,-1.280,0.549,1.341
1573803767564,2019-11-15T15.42.47.564,6.998,-1.037,0.488,0.488
1573803767574,2019-11-15T15.42.47.574,7.008,-0.610,0.793,-0.122
1573803767584,2019-11-15T15.42.47.584,7.018,-0.305,0.488,-0.122
1573803767594,2019-11-15T15.42.47.594,7.028,-0.244,-0.976,-0.122
1573803767605,2019-11-15T15.42.47.605,7.039,-0.427,-1.890,-0.244
1573803767615,2019-11-15T15.42.47.615,7.049,-0.915,-0.793,-0.610
1573803767625,2019-11-15T15.42.47.625,7.059,-1.280,1.707,-1.159
1573803767635,2019-11-15T15.42.47.635,7.069,-1.402,3.415,-1.402
1573803767646,2019-11-15T15.42.47.646,7.080,-1.341,3.232,-1.463
1573803767654,2019-11-15T15.42.47.654,7.088,-1.098,1.829,-1.402
1573803767665,2019-11-15T15.42.47.665,7.099,-0.610,0.488,-1.768
1573803767675,2019-11-15T15.42.47.675,7.109,-0.122,-0.122,-1.951
1573803767685,2019-11-15T15.42.47.685,7.119,0.305,-0.244,-1.829
1573803767696,2019-11-15T15.42.47.696,7.130,0.488,0.183,-1.890
1573803767706,2019-11-15T15.42.47.706,7.140,0.427,0.549,-1.707
1573803767716,2019-11-15T15.42.47.716,7.150,0.244,0.244,-1.402
1573803767726,2019-11-15T15.42.47.726,7.160,0.244,-0.061,-1.280
1573803767737,2019-11-15T15.42.47.737,7.171,0.305,0.732,-1.159
1573803767747,2019-11-15T15.42.47.747,7.181,0.061,1.524,-0.854
1573803767757,2019-11-15T15.42.47.757,7.191,0.366,1.707,-0.793
1573803767766,2019-11-15T15.42.47.766,7.200,0.488,1.951,-0.854
1573803767776,2019-11-15T15.42.47.776,7.210,0.549,1.829,-0.549
1573803767786,2019-11-15T15.42.47.786,7.220,0.732,1.098,-0.061
1573803767797,2019-11-15T15.42.47.797,7.231,0.793,0.061,0.732
1573803767807,2019-11-15T15.42.47.807,7.241,0.671,-0.976,1.220
1573803767817,2019-11-15T15.42.47.817,7.251,0.549,-1.402,1.341
1573803767827,2019-11-15T15.42.47.827,7.261,0.366,-1.037,1.524
1573803767838,2019-11-15T15.42.47.838,7.272,0.244,-0.366,1.220
1573803767848,2019-11-15T15.42.47.848,7.282,0.610,0.305,0.915
1573803767858,2019-11-15T15.42.47.858,7.292,0.915,-0.183,0.671
1573803767867,2019-11-15T15.42.47.867,7.301,1.220,-1.524,0.488
1573803767877,2019-11-15T15.42.47.877,7.311,1.280,-2.134,0.366
1573803767887,2019-11-15T15.42.47.887,7.321,1.220,-2.378,0.549
1573803767898,2019-11-15T15.42.47.898,7.332,0.854,-2.500,1.098
1573803767908,2019-11-15T15.42.47.908,7.342,0.244,-2.012,1.585
1573803767918,2019-11-15T15.42.47.918,7.352,-0.244,-1.098,1.707
1573803767928,2019-11-15T15.42.47.928,7.362,-0.488,-0.427,1.707
1573803767939,2019-11-15T15.42.47.939,7.373,-0.671,-0.122,1.341
1573803767949,2019-11-15T15.42.47.949,7.383,-0.610,0.122,0.549
1573803767959,2019-11-15T15.42.47.959,7.393,-0.427,0.122,0.000
1573803767968,2019-11-15T15.42.47.968,7.402,0.244,-0.549,-0.610
1573803767978,2019-11-15T15.42.47.978,7.412,0.549,-0.854,-1.037
1573803767988,2019-11-15T15.42.47.988,7.422,0.854,-1.402,-0.976
1573803767999,2019-11-15T15.42.47.999,7.433,0.732,-2.195,-0.671
1573803768009,2019-11-15T15.42.48.009,7.443,0.427,-2.378,-0.305
1573803768019,2019-11-15T15.42.48.019,7.453,0.061,-2.256,0.183
1573803768029,2019-11-15T15.42.48.029,7.463,-0.488,-1.463,0.183
1573803768040,2019-11-15T15.42.48.040,7.474,-1.098,0.061,-0.183
1573803768050,2019-11-15T15.42.48.050,7.484,-1.280,1.585,-0.610
1573803768060,2019-11-15T15.42.48.060,7.494,-0.976,2.317,-1.037
1573803768069,2019-11-15T15.42.48.069,7.503,-0.549,1.890,-1.585
1573803768079,2019-11-15T15.42.48.079,7.513,0.366,0.671,-1.768
1573803768090,2019-11-15T15.42.48.090,7.524,1.037,-0.366,-2.317
1573803768100,2019-11-15T15.42.48.100,7.534,1.707,-1.159,-2.683
1573803768110,2019-11-15T15.42.48.110,7.544,2.012,-1.524,-2.500
1573803768120,2019-11-15T15.42.48.120,7.554,2.195,-1.768,-2.500
1573803768131,2019-11-15T15.42.48.131,7.565,1.951,-1.829,-2.439
1573803768141,2019-11-15T15.42.48.141,7.575,1.524,-1.341,-2.195
1573803768151,2019-11-15T15.42.48.151,7.585,0.732,0.061,-2.317
1573803768161,2019-11-15T15.42.48.161,7.595,0.061,2.195,-2.317
1573803768170,2019-11-15T15.42.48.170,7.604,-0.183,3.171,-1.829
1573803768180,2019-11-15T15.42.48.180,7.614,-0.244,2.744,-1.402
1573803768191,2019-11-15T15.42.48.191,7.625,-0.183,1.524,-0.976
1573803768201,2019-11-15T15.42.48.201,7.635,0.061,0.061,-0.854
1573803768211,2019-11-15T15.42.48.211,7.645,0.244,-1.159,-0.793
1573803768221,2019-11-15T15.42.48.221,7.655,0.427,-1.585,-0.915
1573803768232,2019-11-15T15.42.48.232,7.666,0.549,-1.280,-1.220
1573803768242,2019-11-15T15.42.48.242,7.676,0.427,-0.732,-1.220
1573803768252,2019-11-15T15.42.48.252,7.686,0.000,-0.427,-0.915
1573803768262,2019-11-15T15.42.48.262,7.696,-0.244,-0.549,-0.732
1573803768273,2019-11-15T15.42.48.273,7.707,-0.488,0.244,-0.793
1573803768281,2019-11-15T15.42.48.281,7.715,-0.549,1.280,-0.366
1573803768292,2019-11-15T15.42.48.292,7.726,-0.244,1.890,-0.488
1573803768302,2019-11-15T15.42.48.302,7.736,0.244,1.280,-0.671
1573803768312,2019-11-15T15.42.48.312,7.746,0.488,0.488,-0.854
1573803768322,2019-11-15T15.42.48.322,7.756,0.793,-0.610,-0.671
1573803768333,2019-11-15T15.42.48.333,7.767,0.793,-1.524,-0.244
1573803768343,2019-11-15T15.42.48.343,7.777,0.549,-1.341,0.122
1573803768353,2019-11-15T15.42.48.353,7.787,0.183,0.000,0.366
1573803768363,2019-11-15T15.42.48.363,7.797,-0.122,1.402,0.488
1573803768374,2019-11-15T15.42.48.374,7.808,-0.427,2.073,0.183
1573803768383,2019-11-15T15.42.48.383,7.817,-0.488,1.341,-0.122
1573803768393,2019-11-15T15.42.48.393,7.827,-0.122,0.610,-0.366
1573803768403,2019-11-15T15.42.48.403,7.837,0.183,0.000,-0.610
1573803768413,2019-11-15T15.42.48.413,7.847,0.366,-0.732,-0.610
1573803768424,2019-11-15T15.42.48.424,7.858,0.549,-1.707,-0.427
1573803768434,2019-11-15T15.42.48.434,7.868,0.671,-1.463,-0.488
1573803768444,2019-11-15T15.42.48.444,7.878,0.488,-0.305,-0.244
1573803768454,2019-11-15T15.42.48.454,7.888,0.244,0.671,0.305
1573803768465,2019-11-15T15.42.48.465,7.899,-0.061,1.098,0.427
1573803768475,2019-11-15T15.42.48.475,7.909,-0.122,1.280,0.427
1573803768484,2019-11-15T15.42.48.484,7.918,-0.366,0.976,0.427
1573803768494,2019-11-15T15.42.48.494,7.928,-0.366,0.244,-0.061
1573803768504,2019-11-15T15.42.48.504,7.938,-0.183,0.366,-0.671
1573803768514,2019-11-15T15.42.48.514,7.948,0.061,0.732,-0.732
1573803768525,2019-11-15T15.42.48.525,7.959,0.366,0.122,-0.488
1573803768535,2019-11-15T15.42.48.535,7.969,0.549,-0.488,-0.366
1573803768545,2019-11-15T15.42.48.545,7.979,0.854,-0.915,-0.122
1573803768555,2019-11-15T15.42.48.555,7.989,1.220,-1.463,0.610
1573803768566,2019-11-15T15.42.48.566,8.000,1.341,-2.500,1.098
1573803768576,2019-11-15T15.42.48.576,8.010,1.098,-2.500,0.793
1573803768585,2019-11-15T15.42.48.585,8.019,0.610,-1.463,0.427
1573803768595,2019-11-15T15.42.48.595,8.029,0.610,-0.183,0.488
1573803768605,2019-11-15T15.42.48.605,8.039,0.610,0.793,0.854
1573803768615,2019-11-15T15.42.48.615,8.049,0.549,1.341,1.037
1573803768626,2019-11-15T15.42.48.626,8.060,0.732,1.280,1.159
1573803768636,2019-11-15T15.42.48.636,8.070,0.915,0.732,1.159
1573803768646,2019-11-15T15.42.48.646,8.080,1.037,0.244,0.976
1573803768656,2019-11-15T15.42.48.656,8.090,1.037,0.305,1.159
1573803768667,2019-11-15T15.42.48.667,8.101,0.915,0.183,1.159
1573803768677,2019-11-15T15.42.48.677,8.111,0.793,-0.793,0.854
1573803768687,2019-11-15T15.42.48.687,8.121,0.427,-1.524,0.305
1573803768696,2019-11-15T15.42.48.696,8.130,-0.061,-0.915,0.000
1573803768706,2019-11-15T15.42.48.706,8.140,-0.671,0.244,0.183
1573803768717,2019-11-15T15.42.48.717,8.151,-0.915,0.732,0.549
1573803768727,2019-11-15T15.42.48.727,8.161,-1.159,0.122,0.854
1573803768737,2019-11-15T15.42.48.737,8.171,-1.159,-0.183,0.610
1573803768747,2019-11-15T15.42.48.747,8.181,-1.098,-0.427,0.427
1573803768758,2019-11-15T15.42.48.758,8.192,-0.915,-0.854,0.793
1573803768768,2019-11-15T15.42.48.768,8.202,-0.793,-1.280,0.610
1573803768778,2019-11-15T15.42.48.778,8.212,-0.793,-1.280,0.488
1573803768788,2019-11-15T15.42.48.788,8.222,-0.976,-1.341,0.915
1573803768797,2019-11-15T15.42.48.797,8.231,-1.037,-1.098,0.610
1573803768807,2019-11-15T15.42.48.807,8.241,-1.037,0.671,0.244
1573803768818,2019-11-15T15.42.48.818,8.252,-1.280,1.829,0.183
1573803768828,2019-11-15T15.42.48.828,8.262,-0.976,1.524,0.183
1573803768838,2019-11-15T15.42.48.838,8.272,-0.732,0.549,0.000
1573803768848,2019-11-15T15.42.48.848,8.282,-0.610,-0.732,0.305
1573803768859,2019-11-15T15.42.48.859,8.293,-0.427,-1.646,0.793
1573803768869,2019-11-15T15.42.48.869,8.303,-0.488,-1.585,1.037
1573803768879,2019-11-15T15.42.48.879,8.313,-0.427,-0.610,1.098
1573803768889,2019-11-15T15.42.48.889,8.323,-0.244,0.061,0.915
1573803768898,2019-11-15T15.42.48.898,8.332,0.000,0.244,0.671
1573803768908,2019-11-15T15.42.48.908,8.342,0.244,-0.183,0.244
1573803768919,2019-11-15T15.42.48.919,8.353,0.610,-0.976,-0.061
1573803768929,2019-11-15T15.42.48.929,8.363,0.732,-0.915,-0.244
1573803768939,2019-11-15T15.42.48.939,8.373,0.427,-0.427,0.061
1573803768949,2019-11-15T15.42.48.949,8.383,0.244,0.183,0.427
1573803768960,2019-11-15T15.42.48.960,8.394,0.122,1.220,0.854
1573803768970,2019-11-15T15.42.48.970,8.404,0.061,2.134,0.732
1573803768980,2019-11-15T15.42.48.980,8.414,0.122,2.378,0.488
1573803768990,2019-11-15T15.42.48.990,8.424,0.244,2.073,0.122
1573803768999,2019-11-15T15.42.48.999,8.433,0.427,1.890,-0.610
1573803769009,2019-11-15T15.42.49.009,8.443,0.793,1.341,-0.793
1573803769020,2019-11-15T15.42.49.020,8.454,1.159,0.305,-0.671
1573803769030,2019-11-15T15.42.49.030,8.464,1.280,-0.610,-0.854
1573803769040,2019-11-15T15.42.49.040,8.474,1.159,-0.854,-0.488
1573803769050,2019-11-15T15.42.49.050,8.484,0.732,-0.549,-0.122
1573803769061,2019-11-15T15.42.49.061,8.495,0.366,-0.610,-0.366
1573803769071,2019-11-15T15.42.49.071,8.505,0.427,-0.244,-0.793
1573803769081,2019-11-15T15.42.49.081,8.515,0.366,0.732,-0.732
1573803769092,2019-11-15T15.42.49.092,8.526,0.183,1.341,-0.732
1573803769100,2019-11-15T15.42.49.100,8.534,0.183,1.037,-0.671
1573803769111,2019-11-15T15.42.49.111,8.545,0.305,0.183,-0.305
1573803769121,2019-11-15T15.42.49.121,8.555,0.366,-0.610,-0.305
1573803769131,2019-11-15T15.42.49.131,8.565,0.000,0.000,-0.671
1573803769141,2019-11-15T15.42.49.141,8.575,-0.549,1.098,-0.488
1573803769152,2019-11-15T15.42.49.152,8.586,-0.488,1.463,-0.061
1573803769162,2019-11-15T15.42.49.162,8.596,-0.122,1.220,-0.366
1573803769172,2019-11-15T15.42.49.172,8.606,0.244,0.427,-0.305
1573803769182,2019-11-15T15.42.49.182,8.616,0.366,-1.098,-0.122
1573803769193,2019-11-15T15.42.49.193,8.627,0.427,-2.012,0.000
1573803769203,2019-11-15T15.42.49.203,8.637,-0.122,-1.280,0.000
1573803769212,2019-11-15T15.42.49.212,8.646,-0.915,0.244,0.061
1573803769222,2019-11-15T15.42.49.222,8.656,-1.220,1.280,0.061
1573803769232,2019-11-15T15.42.49.232,8.666,-1.402,1.585,-0.061
1573803769242,2019-11-15T15.42.49.242,8.676,-1.159,0.915,-0.061
1573803769253,2019-11-15T15.42.49.253,8.687,-0.854,-0.061,-0.061
1573803769263,2019-11-15T15.42.49.263,8.697,-0.915,-0.305,-0.427
1573803769273,2019-11-15T15.42.49.273,8.707,-1.037,-0.061,-0.366
1573803769283,2019-11-15T15.42.49.283,8.717,-0.976,0.183,0.000
1573803769294,2019-11-15T15.42.49.294,8.728,-1.098,0.610,-0.244
1573803769304,2019-11-15T15.42.49.304,8.738,-1.098,0.976,-0.183
1573803769313,2019-11-15T15.42.49.313,8.747,-1.037,0.915,0.000
1573803769323,2019-11-15T15.42.49.323,8.757,-0.915,0.183,-0.244
1573803769333,2019-11-15T15.42.49.333,8.767,-0.610,-0.793,-0.244
1573803769343,2019-11-15T15.42.49.343,8.777,-0.305,-1.463,-0.183
1573803769354,2019-11-15T15.42.49.354,8.788,-0.427,-1.707,-0.305
1573803769364,2019-11-15T15.42.49.364,8.798,-0.549,-1.585,-0.061
1573803769374,2019-11-15T15.42.49.374,8.808,-0.732,-0.549,-0.244
1573803769384,2019-11-15T15.42.49.384,8.818,-0.732,0.671,-0.671
1573803769395,2019-11-15T15.42.49.395,8.829,-0.244,0.671,-0.671
1573803769405,2019-11-15T15.42.49.405,8.839,0.000,0.122,-0.732
1573803769414,2019-11-15T15.42.49.414,8.848,0.305,-0.732,-0.244
1573803769424,2019-11-15T15.42.49.424,8.858,0.549,-1.402,0.305
1573803769434,2019-11-15T15.42.49.434,8.868,0.305,-1.768,1.037
1573803769445,2019-11-15T15.42.49.445,8.879,0.061,-1.707,1.220
1573803769455,2019-11-15T15.42.49.455,8.889,0.061,-0.976,0.732
1573803769465,2019-11-15T15.42.49.465,8.899,0.305,-0.061,0.366
1573803769475,2019-11-15T15.42.49.475,8.909,0.671,-0.244,0.122
1573803769486,2019-11-15T15.42.49.486,8.920,1.159,-1.159,-0.610
1573803769496,2019-11-15T15.42.49.496,8.930,1.585,-2.317,-1.037
1573803769506,2019-11-15T15.42.49.506,8.940,2.195,-3.415,-1.341
1573803769515,2019-11-15T15.42.49.515,8.949,2.622,-3.963,-1.341
1573803769525,2019-11-15T15.42.49.525,8.959,2.378,-3.659,-1.098
1573803769535,2019-11-15T15.42.49.535,8.969,1.951,-2.256,-0.915
1573803769546,2019-11-15T15.42.49.546,8.980,1.646,-0.427,-0.915
1573803769556,2019-11-15T15.42.49.556,8.990,1.463,0.793,-0.671
1573803769566,2019-11-15T15.42.49.566,9.000,1.280,1.037,-0.732
1573803769576,2019-11-15T15.42.49.576,9.010,1.159,0.366,-0.610
1573803769587,2019-11-15T15.42.49.587,9.021,1.098,-0.793,-0.488
1573803769597,2019-11-15T15.42.49.597,9.031,0.793,-1.829,-0.244
1573803769607,2019-11-15T15.42.49.607,9.041,0.244,-2.927,-0.183
1573803769616,2019-11-15T15.42.49.616,9.050,-0.183,-2.927,-0.427
1573803769626,2019-11-15T15.42.49.626,9.060,-0.488,-1.768,-0.427
1573803769636,2019-11-15T15.42.49.636,9.070,-0.671,-0.732,-0.549
1573803769647,2019-11-15T15.42.49.647,9.081,-0.732,-0.427,-0.671
1573803769657,2019-11-15T15.42.49.657,9.091,-0.671,-0.610,-0.549
1573803769667,2019-11-15T15.42.49.667,9.101,-0.976,-1.037,-0.122
1573803769677,2019-11-15T15.42.49.677,9.111,-1.402,-1.280,0.000
1573803769688,2019-11-15T15.42.49.688,9.122,-1.646,-0.732,-0.366
1573803769698,2019-11-15T15.42.49.698,9.132,-1.524,1.159,-0.732
1573803769708,2019-11-15T15.42.49.708,9.142,-1.402,3.049,-1.280
1573803769717,2019-11-15T15.42.49.717,9.151,-0.976,2.744,-1.220
1573803769727,2019-11-15T15.42.49.727,9.161,-0.671,1.037,-1.037
1573803769738,2019-11-15T15.42.49.738,9.172,-0.244,-0.488,-0.732
1573803769748,2019-11-15T15.42.49.748,9.182,-0.061,-1.524,-0.061
1573803769758,2019-11-15T15.42.49.758,9.192,0.366,-2.256,0.366
1573803769768,2019-11-15T15.42.49.768,9.202,0.549,-1.707,0.000
1573803769779,2019-11-15T15.42.49.779,9.213,0.305,0.183,-0.610
1573803769789,2019-11-15T15.42.49.789,9.223,0.122,1.707,-0.488
1573803769799,2019-11-15T15.42.49.799,9.233,0.183,2.439,-0.305
1573803769809,2019-11-15T15.42.49.809,9.243,-0.061,2.622,-0.122
1573803769820,2019-11-15T15.42.49.820,9.254,-0.366,2.134,0.549
1573803769828,2019-11-15T15.42.49.828,9.262,-0.244,1.037,0.976
1573803769839,2019-11-15T15.42.49.839,9.273,0.061,-0.244,1.341
1573803769849,2019-11-15T15.42.49.849,9.283,0.366,-0.488,1.037
1573803769859,2019-11-15T15.42.49.859,9.293,0.671,0.488,0.244
1573803769869,2019-11-15T15.42.49.869,9.303,1.220,1.037,-0.061
1573803769880,2019-11-15T15.42.49.880,9.314,1.646,0.305,0.183
1573803769890,2019-11-15T15.42.49.890,9.324,1.951,-0.732,0.366
1573803769900,2019-11-15T15.42.49.900,9.334,2.195,-1.585,0.549
1573803769910,2019-11-15T15.42.49.910,9.344,2.012,-1.524,0.610
1573803769921,2019-11-15T15.42.49.921,9.355,1.402,-0.183,0.793
1573803769929,2019-11-15T15.42.49.929,9.363,0.732,0.793,0.732
1573803769940,2019-11-15T15.42.49.940,9.374,0.488,1.524,0.000
1573803769950,2019-11-15T15.42.49.950,9.384,0.610,1.951,-0.610
1573803769960,2019-11-15T15.42.49.960,9.394,0.854,1.402,-0.915
1573803769970,2019-11-15T15.42.49.970,9.404,1.463,0.061,-1.159
1573803769981,2019-11-15T15.42.49.981,9.415,1.768,-1.402,-1.220
1573803769991,2019-11-15T15.42.49.991,9.425,1.829,-1.890,-1.037
1573803770001,2019-11-15T15.42.50.001,9.435,1.524,-1.463,-0.915
1573803770011,2019-11-15T15.42.50.011,9.445,1.098,-0.549,-0.976
1573803770022,2019-11-15T15.42.50.022,9.456,0.610,1.037,-1.037
1573803770030,2019-11-15T15.42.50.030,9.464,0.061,2.134,-1.037
1573803770041,2019-11-15T15.42.50.041,9.475,0.122,1.768,-0.915
1573803770051,2019-11-15T15.42.50.051,9.485,0.366,0.854,-1.037
1573803770061,2019-11-15T15.42.50.061,9.495,0.305,-0.488,-0.915
1573803770071,2019-11-15T15.42.50.071,9.505,0.305,-2.012,-0.793
1573803770082,2019-11-15T15.42.50.082,9.516,0.305,-2.378,-0.915
1573803770092,2019-11-15T15.42.50.092,9.526,0.244,-1.463,-1.280
1573803770102,2019-11-15T15.42.50.102,9.536,-0.122,-0.244,-1.341
1573803770113,2019-11-15T15.42.50.113,9.547,-0.488,0.122,-0.976
1573803770123,2019-11-15T15.42.50.123,9.557,-0.793,0.122,-0.976
1573803770133,2019-11-15T15.42.50.133,9.567,-0.915,0.244,-0.549
1573803770142,2019-11-15T15.42.50.142,9.576,-1.037,-0.122,-0.061
1573803770152,2019-11-15T15.42.50.152,9.586,-0.854,-0.610,-0.305
1573803770162,2019-11-15T15.42.50.162,9.596,-0.610,-0.488,-0.488
1573803770173,2019-11-15T15.42.50.173,9.607,-0.549,-0.305,-0.671
1573803770183,2019-11-15T15.42.50.183,9.617,-0.488,-0.854,-0.732
1573803770193,2019-11-15T15.42.50.193,9.627,-0.549,-1.585,-0.671
1573803770203,2019-11-15T15.42.50.203,9.637,-0.610,-1.341,-0.793
1573803770214,2019-11-15T15.42.50.214,9.648,-0.671,-0.671,-0.671
1573803770224,2019-11-15T15.42.50.224,9.658,-0.793,-0.488,-0.549
1573803770234,2019-11-15T15.42.50.234,9.668,-0.732,-0.061,-0.549
1573803770243,2019-11-15T15.42.50.243,9.677,-0.671,0.488,-0.183
1573803770253,2019-11-15T15.42.50.253,9.687,-0.671,0.122,0.061
1573803770263,2019-11-15T15.42.50.263,9.697,0.000,-1.280,-0.061
1573803770274,2019-11-15T15.42.50.274,9.708,0.305,-2.073,-0.244
1573803770284,2019-11-15T15.42.50.284,9.718,0.488,-1.768,-0.427
1573803770294,2019-11-15T15.42.50.294,9.728,0.305,-0.915,-0.305
1573803770304,2019-11-15T15.42.50.304,9.738,0.122,0.061,0.061
1573803770315,2019-11-15T15.42.50.315,9.749,0.000,0.427,0.122
1573803770325,2019-11-15T15.42.50.325,9.759,-0.122,0.183,0.549
1573803770335,2019-11-15T15.42.50.335,9.769,-0.244,0.244,0.976
1573803770344,2019-11-15T15.42.50.344,9.778,-0.366,0.915,0.976
1573803770354,2019-11-15T15.42.50.354,9.788,-0.793,1.220,0.854
1573803770364,2019-11-15T15.42.50.364,9.798,-0.854,0.976,0.854
1573803770375,2019-11-15T15.42.50.375,9.809,-0.671,0.122,0.732
1573803770385,2019-11-15T15.42.50.385,9.819,-0.793,-0.610,0.427
1573803770395,2019-11-15T15.42.50.395,9.829,-0.671,-0.732,0.122
1573803770405,2019-11-15T15.42.50.405,9.839,-0.610,-0.488,-0.244
1573803770416,2019-11-15T15.42.50.416,9.850,-0.671,0.244,-0.427
1573803770426,2019-11-15T15.42.50.426,9.860,-0.671,1.098,-0.427
1573803770436,2019-11-15T15.42.50.436,9.870,-0.549,1.707,-0.488
1573803770445,2019-11-15T15.42.50.445,9.879,-0.366,1.463,-0.366
1573803770455,2019-11-15T15.42.50.455,9.889,-0.244,0.610,-0.122
1573803770466,2019-11-15T15.42.50.466,9.900,-0.366,0.122,0.061
1573803770476,2019-11-15T15.42.50.476,9.910,-0.610,0.732,0.183
1573803770486,2019-11-15T15.42.50.486,9.920,-0.732,1.463,-0.183
1573803770496,2019-11-15T15.42.50.496,9.930,-0.488,1.463,-0.488
1573803770507,2019-11-15T15.42.50.507,9.941,-0.061,1.159,-0.488
1573803770517,2019-11-15T15.42.50.517,9.951,0.244,0.305,-0.549
1573803770527,2019-11-15T15.42.50.527,9.961,0.488,-0.793,-0.427
1573803770537,2019-11-15T15.42.50.537,9.971,0.427,-1.402,0.061
1573803770546,2019-11-15T15.42.50.546,9.980,0.122,-1.159,0.793
1573803770556,2019-11-15T15.42.50.556,9.990,-0.244,-0.793,1.524
1573803770567,2019-11-15T15.42.50.567,10.001,-0.549,0.000,1.829
1573803770577,2019-11-15T15.42.50.577,10.011,-0.610,0.854,1.768
1573803770587,2019-11-15T15.42.50.587,10.021,-0.488,0.915,1.524
1573803770597,2019-11-15T15.42.50.597,10.031,0.000,0.000,1.098
1573803770608,2019-11-15T15.42.50.608,10.042,0.427,-0.732,0.427
1573803770618,2019-11-15T15.42.50.618,10.052,0.732,-0.488,0.122
1573803770628,2019-11-15T15.42.50.628,10.062,0.610,-0.366,0.122
1573803770638,2019-11-15T15.42.50.638,10.072,0.305,-0.610,0.427
1573803770647,2019-11-15T15.42.50.647,10.081,-0.183,-0.671,0.549
1573803770657,2019-11-15T15.42.50.657,10.091,-0.244,0.671,0.366
1573803770668,2019-11-15T15.42.50.668,10.102,-0.061,1.768,0.366
1573803770678,2019-11-15T15.42.50.678,10.112,0.122,1.463,0.488
1573803770688,2019-11-15T15.42.50.688,10.122,0.488,0.366,0.244
1573803770698,2019-11-15T15.42.50.698,10.132,0.549,-0.732,-0.122
1573803770709,2019-11-15T15.42.50.709,10.143,0.610,-1.646,-0.122
1573803770719,2019-11-15T15.42.50.719,10.153,0.671,-2.195,0.427
1573803770729,2019-11-15T15.42.50.729,10.163,0.305,-1.951,0.671
1573803770739,2019-11-15T15.42.50.739,10.173,-0.122,-0.671,0.793
1573803770750,2019-11-15T15.42.50.750,10.184,-0.305,0.000,1.037
1573803770758,2019-11-15T15.42.50.758,10.192,-0.183,-0.488,0.732
1573803770769,2019-11-15T15.42.50.769,10.203,-0.061,-0.610,0.183
1573803770779,2019-11-15T15.42.50.779,10.213,-0.122,0.305,-0.366
1573803770789,2019-11-15T15.42.50.789,10.223,0.000,1.098,-0.488
1573803770800,2019-11-15T15.42.50.800,10.234,0.244,0.732,-0.610
1573803770810,2019-11-15T15.42.50.810,10.244,0.244,-0.061,-0.610
1573803770820,2019-11-15T15.42.50.820,10.254,0.427,-0.427,-0.427
1573803770830,2019-11-15T15.42.50.830,10.264,0.427,-0.061,-0.427
1573803770841,2019-11-15T15.42.50.841,10.275,0.488,1.220,-0.305
1573803770851,2019-11-15T15.42.50.851,10.285,0.488,1.951,-0.305
1573803770860,2019-11-15T15.42.50.860,10.294,0.549,1.220,-0.122
1573803770870,2019-11-15T15.42.50.870,10.304,0.610,-0.549,-0.183
1573803770880,2019-11-15T15.42.50.880,10.314,0.305,-1.524,-0.122
1573803770890,2019-11-15T15.42.50.890,10.324,-0.122,-1.159,-0.122
1573803770901,2019-11-15T15.42.50.901,10.335,-0.549,-0.061,-0.061
1573803770911,2019-11-15T15.42.50.911,10.345,-0.854,1.585,-0.183
1573803770921,2019-11-15T15.42.50.921,10.355,-0.610,2.439,-0.183
1573803770931,2019-11-15T15.42.50.931,10.365,0.000,1.463,0.244
1573803770942,2019-11-15T15.42.50.942,10.376,0.427,0.183,0.305
1573803770952,2019-11-15T15.42.50.952,10.386,0.793,-0.915,0.305
1573803770962,2019-11-15T15.42.50.962,10.396,0.854,-1.463,0.305
1573803770971,2019-11-15T15.42.50.971,10.405,0.549,-1.220,0.183
1573803770981,2019-11-15T15.42.50.981,10.415,0.366,-0.793,0.488
1573803770991,2019-11-15T15.42.50.991,10.425,0.244,-0.244,0.610
1573803771002,2019-11-15T15.42.51.002,10.436,0.122,0.549,0.244
1573803771012,2019-11-15T15.42.51.012,10.446,-0.305,1.341,0.488
1573803771022,2019-11-15T15.42.51.022,10.456,-0.793,1.463,0.976
1573803771032,2019-11-15T15.42.51.032,10.466,-0.732,0.427,1.402
1573803771043,2019-11-15T15.42.51.043,10.477,-0.610,-0.122,1.707
1573803771053,2019-11-15T15.42.51.053,10.487,-0.732,0.366,1.524
1573803771063,2019-11-15T15.42.51.063,10.497,-0.732,0.244,1.341
1573803771072,2019-11-15T15.42.51.072,10.506,-0.610,0.427,1.037
1573803771082,2019-11-15T15.42.51.082,10.516,-0.610,1.280,0.549
1573803771092,2019-11-15T15.42.51.092,10.526,-0.671,1.768,0.488
1573803771103,2019-11-15T15.42.51.103,10.537,-0.610,0.915,0.732
1573803771113,2019-11-15T15.42.51.113,10.547,-0.732,-0.122,0.732
1573803771123,2019-11-15T15.42.51.123,10.557,-0.976,-0.854,0.915
1573803771133,2019-11-15T15.42.51.133,10.567,-0.793,-1.646,0.915
1573803771144,2019-11-15T15.42.51.144,10.578,-0.793,-2.439,0.549
1573803771154,2019-11-15T15.42.51.154,10.588,-0.854,-2.561,0.549
1573803771164,2019-11-15T15.42.51.164,10.598,-0.976,-1.890,0.305
1573803771173,2019-11-15T15.42.51.173,10.607,-1.159,-0.549,0.000
1573803771183,2019-11-15T15.42.51.183,10.617,-1.098,0.427,-0.183
1573803771194,2019-11-15T15.42.51.194,10.628,-1.037,0.427,-0.122
1573803771204,2019-11-15T15.42.51.204,10.638,-0.549,-0.061,-0.549
1573803771214,2019-11-15T15.42.51.214,10.648,-0.122,-0.671,-1.037
1573803771224,2019-11-15T15.42.51.224,10.658,0.183,-0.488,-1.768
1573803771235,2019-11-15T15.42.51.235,10.669,0.366,0.061,-2.073
1573803771245,2019-11-15T15.42.51.245,10.679,0.427,-0.305,-1.951
1573803771255,2019-11-15T15.42.51.255,10.689,0.427,-0.793,-1.646
1573803771265,2019-11-15T15.42.51.265,10.699,0.183,-0.183,-1.646
1573803771276,2019-11-15T15.42.51.276,10.710,0.061,1.280,-1.341
1573803771284,2019-11-15T15.42.51.284,10.718,-0.061,1.646,-1.280
1573803771295,2019-11-15T15.42.51.295,10.729,0.122,0.793,-1.829
1573803771305,2019-11-15T15.42.51.305,10.739,0.061,0.061,-2.256
1573803771315,2019-11-15T15.42.51.315,10.749,-0.244,0.488,-2.378
1573803771325,2019-11-15T15.42.51.325,10.759,-0.183,1.220,-2.622
1573803771336,2019-11-15T15.42.51.336,10.770,0.305,1.524,-2.805
1573803771346,2019-11-15T15.42.51.346,10.780,0.854,1.037,-2.500
1573803771356,2019-11-15T15.42.51.356,10.790,1.280,-0.671,-2.195
1573803771366,2019-11-15T15.42.51.366,10.800,1.768,-3.232,-1.768
1573803771377,2019-11-15T15.42.51.377,10.811,1.707,-4.329,-1.524
1573803771385,2019-11-15T15.42.51.385,10.819,1.280,-2.439,-1.524
1573803771396,2019-11-15T15.42.51.396,10.830,0.793,0.671,-1.585
1573803771406,2019-11-15T15.42.51.406,10.840,0.488,2.317,-1.646
1573803771416,2019-11-15T15.42.51.416,10.850,0.488,2.317,-1.829
1573803771426,2019-11-15T15.42.51.426,10.860,0.549,1.585,-1.890
1573803771437,2019-11-15T15.42.51.437,10.871,0.793,-0.305,-1.341
1573803771447,2019-11-15T15.42.51.447,10.881,0.671,-2.195,-0.854
1573803771457,2019-11-15T15.42.51.457,10.891,0.305,-2.500,-0.305
1573803771467,2019-11-15T15.42.51.467,10.901,-0.244,-2.256,0.244
1573803771478,2019-11-15T15.42.51.478,10.912,-0.305,-1.768,0.000
1573803771488,2019-11-15T15.42.51.488,10.922,-0.122,-0.732,-0.549
1573803771497,2019-11-15T15.42.51.497,10.931,0.305,0.488,-0.854
1573803771507,2019-11-15T15.42.51.507,10.941,0.549,0.976,-1.402
1573803771517,2019-11-15T15.42.51.517,10.951,0.732,0.549,-1.646
1573803771528,2019-11-15T15.42.51.528,10.962,0.854,-1.098,-1.098
1573803771538,2019-11-15T15.42.51.538,10.972,1.159,-2.683,-0.854
1573803771548,2019-11-15T15.42.51.548,10.982,0.915,-2.561,-0.610
1573803771558,2019-11-15T15.42.51.558,10.992,0.366,-1.585,0.427
1573803771569,2019-11-15T15.42.51.569,11.003,-0.244,-0.244,0.671
1573803771579,2019-11-15T15.42.51.579,11.013,-0.976,1.341,0.488
1573803771589,2019-11-15T15.42.51.589,11.023,-1.098,1.463,0.610
1573803771598,2019-11-15T15.42.51.598,11.032,-0.732,0.610,0.427
1573803771608,2019-11-15T15.42.51.608,11.042,-0.427,-0.854,0.183
1573803771618,2019-11-15T15.42.51.618,11.052,-0.183,-2.866,0.427
1573803771629,2019-11-15T15.42.51.629,11.063,-0.183,-3.780,0.427
1573803771639,2019-11-15T15.42.51.639,11.073,-0.244,-3.415,0.488
1573803771649,2019-11-15T15.42.51.649,11.083,-0.427,-2.317,0.732
1573803771659,2019-11-15T15.42.51.659,11.093,-0.549,-0.183,0.488
1573803771670,2019-11-15T15.42.51.670,11.104,-0.488,2.317,0.244
1573803771680,2019-11-15T15.42.51.680,11.114,-0.488,4.085,0.183
1573803771690,2019-11-15T15.42.51.690,11.124,-0.488,4.085,0.000
1573803771699,2019-11-15T15.42.51.699,11.133,-0.183,2.988,-0.549
1573803771709,2019-11-15T15.42.51.709,11.143,-0.244,1.585,-0.732
1573803771719,2019-11-15T15.42.51.719,11.153,-0.061,-0.183,-0.488
1573803771730,2019-11-15T15.42.51.730,11.164,0.244,-1.280,-0.244
1573803771740,2019-11-15T15.42.51.740,11.174,0.122,-1.585,0.488
1573803771750,2019-11-15T15.42.51.750,11.184,-0.061,-0.976,1.037
1573803771760,2019-11-15T15.42.51.760,11.194,-0.366,0.244,1.220
1573803771771,2019-11-15T15.42.51.771,11.205,-0.488,1.037,1.159
1573803771781,2019-11-15T15.42.51.781,11.215,-0.305,1.585,0.732
1573803771791,2019-11-15T15.42.51.791,11.225,0.000,1.585,0.610
1573803771801,2019-11-15T15.42.51.801,11.235,0.244,1.220,0.488
1573803771810,2019-11-15T15.42.51.810,11.244,0.488,0.549,0.427
1573803771821,2019-11-15T15.42.51.821,11.255,0.427,-0.793,0.732
1573803771831,2019-11-15T15.42.51.831,11.265,0.549,-2.256,0.915
1573803771841,2019-11-15T15.42.51.841,11.275,0.610,-2.195,0.610
1573803771851,2019-11-15T15.42.51.851,11.285,0.427,-0.732,0.244
1573803771862,2019-11-15T15.42.51.862,11.296,0.366,0.122,0.000
1573803771872,2019-11-15T15.42.51.872,11.306,0.671,0.427,-0.610
1573803771882,2019-11-15T15.42.51.882,11.316,0.854,0.061,-1.220
1573803771892,2019-11-15T15.42.51.892,11.326,0.976,-0.915,-1.098
1573803771903,2019-11-15T15.42.51.903,11.337,0.976,-1.402,-0.488
1573803771911,2019-11-15T15.42.51.911,11.345,0.610,-0.915,-0.122
1573803771922,2019-11-15T15.42.51.922,11.356,0.244,0.732,0.244
1573803771932,2019-11-15T15.42.51.932,11.366,-0.061,2.317,0.183
1573803771942,2019-11-15T15.42.51.942,11.376,-0.244,2.683,-0.305
1573803771952,2019-11-15T15.42.51.952,11.386,0.122,1.951,-0.854
1573803771963,2019-11-15T15.42.51.963,11.397,0.183,0.793,-1.463
1573803771973,2019-11-15T15.42.51.973,11.407,0.061,-0.183,-1.524
1573803771983,2019-11-15T15.42.51.983,11.417,0.061,-0.366,-1.280
1573803771993,2019-11-15T15.42.51.993,11.427,-0.427,-0.366,-0.488
1573803772004,2019-11-15T15.42.52.004,11.438,-0.671,-0.488,0.366
1573803772012,2019-11-15T15.42.52.012,11.446,-0.915,-0.427,0.976
1573803772023,2019-11-15T15.42.52.023,11.457,-1.159,0.122,0.915
1573803772033,2019-11-15T15.42.52.033,11.467,-1.159,0.793,0.244
1573803772043,2019-11-15T15.42.52.043,11.477,-0.915,0.793,-0.427
1573803772053,2019-11-15T15.42.52.053,11.487,-0.366,-0.061,-0.793
1573803772064,2019-11-15T15.42.52.064,11.498,0.244,-1.159,-0.854
1573803772074,2019-11-15T15.42.52.074,11.508,0.488,-2.012,-0.610
1573803772084,2019-11-15T15.42.52.084,11.518,0.488,-1.463,-0.610
1573803772094,2019-11-15T15.42.52.094,11.528,0.061,0.000,-0.183
1573803772105,2019-11-15T15.42.52.105,11.539,-0.366,0.488,0.610
1573803772115,2019-11-15T15.42.52.115,11.549,-0.610,0.366,1.037
1573803772124,2019-11-15T15.42.52.124,11.558,-0.854,0.610,1.037
1573803772134,2019-11-15T15.42.52.134,11.568,-1.037,1.220,1.159
1573803772144,2019-11-15T15.42.52.144,11.578,-0.976,1.402,1.402
1573803772154,2019-11-15T15.42.52.154,11.588,-0.305,0.366,1.341
1573803772165,2019-11-15T15.42.52.165,11.599,0.305,-0.732,1.098
1573803772175,2019-11-15T15.42.52.175,11.609,0.671,-1.524,0.854
1573803772185,2019-11-15T15.42.52.185,11.619,0.732,-2.622,1.098
1573803772196,2019-11-15T15.42.52.196,11.630,0.549,-3.537,1.220
1573803772206,2019-11-15T15.42.52.206,11.640,0.000,-2.927,1.402
1573803772216,2019-11-15T15.42.52.216,11.650,-0.427,-0.793,1.585
1573803772226,2019-11-15T15.42.52.226,11.660,-0.427,1.220,1.585
1573803772235,2019-11-15T15.42.52.235,11.669,-0.366,2.439,1.341
1573803772245,2019-11-15T15.42.52.245,11.679,-0.244,2.500,1.037
1573803772256,2019-11-15T15.42.52.256,11.690,0.122,1.646,0.671
1573803772266,2019-11-15T15.42.52.266,11.700,0.793,-0.244,0.183
1573803772276,2019-11-15T15.42.52.276,11.710,1.037,-2.317,-0.183
1573803772286,2019-11-15T15.42.52.286,11.720,1.037,-3.049,-0.427
1573803772297,2019-11-15T15.42.52.297,11.731,0.610,-1.707,-0.671
1573803772307,2019-11-15T15.42.52.307,11.741,0.061,0.244,-0.244
1573803772317,2019-11-15T15.42.52.317,11.751,-0.305,1.646,0.366
1573803772327,2019-11-15T15.42.52.327,11.761,-0.305,2.439,0.610
1573803772336,2019-11-15T15.42.52.336,11.770,-0.427,2.378,0.793
1573803772346,2019-11-15T15.42.52.346,11.780,-0.061,1.646,0.610
1573803772357,2019-11-15T15.42.52.357,11.791,0.427,1.159,0.122
1573803772367,2019-11-15T15.42.52.367,11.801,0.549,1.159,-0.122
1573803772377,2019-11-15T15.42.52.377,11.811,0.671,1.098,-0.122
1573803772387,2019-11-15T15.42.52.387,11.821,0.671,0.732,-0.244
1573803772398,2019-11-15T15.42.52.398,11.832,0.549,1.280,-0.549
1573803772408,2019-11-15T15.42.52.408,11.842,0.610,2.317,-0.427
1573803772418,2019-11-15T15.42.52.418,11.852,0.793,2.805,0.000
1573803772428,2019-11-15T15.42.52.428,11.862,1.280,2.073,0.061
1573803772437,2019-11-15T15.42.52.437,11.871,1.707,0.671,0.061
1573803772447,2019-11-15T15.42.52.447,11.881,1.951,-0.915,0.061
1573803772458,2019-11-15T15.42.52.458,11.892,2.012,-1.707,-0.305
1573803772468,2019-11-15T15.42.52.468,11.902,1.646,-0.854,-0.854
1573803772478,2019-11-15T15.42.52.478,11.912,1.341,0.854,-0.793
1573803772488,2019-11-15T15.42.52.488,11.922,1.098,1.646,-0.610
1573803772499,2019-11-15T15.42.52.499,11.933,0.915,1.159,-0.671
1573803772509,2019-11-15T15.42.52.509,11.943,0.610,0.366,-0.366
1573803772519,2019-11-15T15.42.52.519,11.953,0.427,-0.244,0.244
1573803772529,2019-11-15T15.42.52.529,11.963,0.305,-0.732,0.854
1573803772540,2019-11-15T15.42.52.540,11.974,0.183,-0.854,1.037
1573803772549,2019-11-15T15.42.52.549,11.983,-0.122,-0.732,1.159
1573803772559,2019-11-15T15.42.52.559,11.993,-0.244,-0.976,0.976
1573803772569,2019-11-15T15.42.52.569,12.003,-0.488,-0.854,0.305
1573803772579,2019-11-15T15.42.52.579,12.013,-0.427,-0.549,0.366
1573803772590,2019-11-15T15.42.52.590,12.024,-0.122,-0.976,0.671
1573803772600,2019-11-15T15.42.52.600,12.034,-0.244,-1.463,0.061
1573803772610,2019-11-15T15.42.52.610,12.044,-0.427,-0.793,0.061
1573803772620,2019-11-15T15.42.52.620,12.054,-0.549,-0.366,0.610
1573803772631,2019-11-15T15.42.52.631,12.065,-0.793,-0.793,0.732
1573803772641,2019-11-15T15.42.52.641,12.075,-1.159,-0.976,0.732
1573803772650,2019-11-15T15.42.52.650,12.084,-1.341,-0.305,0.549
1573803772660,2019-11-15T15.42.52.660,12.094,-1.098,0.793,0.305
1573803772670,2019-11-15T15.42.52.670,12.104,-0.610,1.220,0.244
1573803772680,2019-11-15T15.42.52.680,12.114,-0.305,0.610,0.427
1573803772691,2019-11-15T15.42.52.691,12.125,-0.183,-0.549,0.671
1573803772701,2019-11-15T15.42.52.701,12.135,-0.488,-1.707,1.037
1573803772711,2019-11-15T15.42.52.711,12.145,-0.915,-1.463,1.341
1573803772721,2019-11-15T15.42.52.721,12.155,-1.280,-0.793,1.707
1573803772732,2019-11-15T15.42.52.732,12.166,-1.220,0.488,1.707
1573803772742,2019-11-15T15.42.52.742,12.176,-1.159,1.829,1.829
1573803772752,2019-11-15T15.42.52.752,12.186,-0.976,1.890,1.829
1573803772761,2019-11-15T15.42.52.761,12.195,-0.549,1.220,1.646
1573803772771,2019-11-15T15.42.52.771,12.205,-0.061,-0.427,1.585
1573803772781,2019-11-15T15.42.52.781,12.215,0.305,-1.768,1.524
1573803772792,2019-11-15T15.42.52.792,12.226,0.244,-1.768,1.768
1573803772802,2019-11-15T15.42.52.802,12.236,0.122,-1.037,1.524
1573803772812,2019-11-15T15.42.52.812,12.246,0.000,0.305,0.610
1573803772822,2019-11-15T15.42.52.822,12.256,0.366,1.768,0.183
1573803772833,2019-11-15T15.42.52.833,12.267,1.037,2.195,-0.366
1573803772843,2019-11-15T15.42.52.843,12.277,1.829,1.280,-0.854
1573803772853,2019-11-15T15.42.52.853,12.287,2.378,0.000,-0.732
1573803772862,2019-11-15T15.42.52.862,12.296,2.744,-1.159,-0.488
1573803772872,2019-11-15T15.42.52.872,12.306,2.683,-1.402,-0.244
1573803772883,2019-11-15T15.42.52.883,12.317,2.012,-0.671,-0.061
1573803772893,2019-11-15T15.42.52.893,12.327,1.341,0.610,0.000
1573803772903,2019-11-15T15.42.52.903,12.337,0.915,1.768,0.000
1573803772913,2019-11-15T15.42.52.913,12.347,0.671,1.829,0.549
1573803772924,2019-11-15T15.42.52.924,12.358,0.671,0.671,1.098
1573803772934,2019-11-15T15.42.52.934,12.368,0.976,-0.732,1.585
1573803772944,2019-11-15T15.42.52.944,12.378,1.280,-1.829,2.500
1573803772954,2019-11-15T15.42.52.954,12.388,1.159,-2.500,3.354
1573803772963,2019-11-15T15.42.52.963,12.397,0.793,-2.744,3.659
1573803772973,2019-11-15T15.42.52.973,12.407,0.305,-1.341,3.476
1573803772984,2019-11-15T15.42.52.984,12.418,0.000,0.854,3.171
1573803772994,2019-11-15T15.42.52.994,12.428,0.305,2.256,2.683
1573803773004,2019-11-15T15.42.53.004,12.438,0.610,2.134,2.683
1573803773014,2019-11-15T15.42.53.014,12.448,0.915,0.549,2.988
1573803773025,2019-11-15T15.42.53.025,12.459,1.220,-0.549,3.171
1573803773035,2019-11-15T15.42.53.035,12.469,1.037,-0.427,3.963
1573803773045,2019-11-15T15.42.53.045,12.479,1.098,0.183,4.512
1573803773055,2019-11-15T15.42.53.055,12.489,0.915,1.463,4.329
1573803773066,2019-11-15T15.42.53.066,12.500,0.976,2.805,4.146
1573803773074,2019-11-15T15.42.53.074,12.508,1.037,3.598,3.780
1573803773085,2019-11-15T15.42.53.085,12.519,1.220,3.963,3.415
1573803773095,2019-11-15T15.42.53.095,12.529,1.341,4.329,3.049
1573803773105,2019-11-15T15.42.53.105,12.539,1.280,4.634,3.110
1573803773115,2019-11-15T15.42.53.115,12.549,1.341,4.451,3.354
1573803773126,2019-11-15T15.42.53.126,12.560,1.402,4.390,2.988
1573803773136,2019-11-15T15.42.53.136,12.570,1.646,5.061,2.073
1573803773146,2019-11-15T15.42.53.146,12.580,2.012,6.159,0.854
1573803773156,2019-11-15T15.42.53.156,12.590,2.744,7.012,-0.610
1573803773167,2019-11-15T15.42.53.167,12.601,3.415,6.829,-1.768
1573803773175,2019-11-15T15.42.53.175,12.609,4.024,5.732,-2.561
1573803773186,2019-11-15T15.42.53.186,12.620,4.207,4.390,-2.622
1573803773196,2019-11-15T15.42.53.196,12.630,3.841,3.232,-2.073
1573803773206,2019-11-15T15.42.53.206,12.640,2.988,2.988,-1.280
1573803773217,2019-11-15T15.42.53.217,12.651,1.951,4.207,-0.610
1573803773227,2019-11-15T15.42.53.227,12.661,0.793,6.707,-0.488
1573803773237,2019-11-15T15.42.53.237,12.671,0.000,8.598,-0.427
1573803773247,2019-11-15T15.42.53.247,12.681,0.000,8.415,0.061
1573803773258,2019-11-15T15.42.53.258,12.692,0.366,6.646,0.915
1573803773268,2019-11-15T15.42.53.268,12.702,0.732,4.207,2.073
1573803773278,2019-11-15T15.42.53.278,12.712,0.976,2.744,2.988
1573803773287,2019-11-15T15.42.53.287,12.721,0.976,3.171,3.780
1573803773297,2019-11-15T15.42.53.297,12.731,0.793,4.207,4.329
1573803773307,2019-11-15T15.42.53.307,12.741,1.037,5.122,5.000
1573803773318,2019-11-15T15.42.53.318,12.752,1.524,5.610,5.427
1573803773328,2019-11-15T15.42.53.328,12.762,1.890,5.305,5.732
1573803773338,2019-11-15T15.42.53.338,12.772,2.378,4.573,5.732
1573803773348,2019-11-15T15.42.53.348,12.782,3.171,4.207,5.549
1573803773359,2019-11-15T15.42.53.359,12.793,4.024,4.207,5.671
1573803773369,2019-11-15T15.42.53.369,12.803,5.000,3.171,5.854
1573803773379,2019-11-15T15.42.53.379,12.813,5.854,1.159,6.037
1573803773388,2019-11-15T15.42.53.388,12.822,6.402,0.488,5.793
1573803773398,2019-11-15T15.42.53.398,12.832,6.280,1.341,5.915
1573803773408,2019-11-15T15.42.53.408,12.842,6.280,2.317,6.280
1573803773419,2019-11-15T15.42.53.419,12.853,6.280,3.415,6.098
1573803773429,2019-11-15T15.42.53.429,12.863,6.402,2.683,5.915
1573803773439,2019-11-15T15.42.53.439,12.873,6.463,-1.159,5.793
1573803773449,2019-11-15T15.42.53.449,12.883,6.707,-7.317,5.671
1573803773460,2019-11-15T15.42.53.460,12.894,6.585,-13.720,5.549
1573803773470,2019-11-15T15.42.53.470,12.904,6.098,-17.622,5.305
1573803773480,2019-11-15T15.42.53.480,12.914,4.756,-17.622,5.244
1573803773490,2019-11-15T15.42.53.490,12.924,2.622,-14.268,5.549
1573803773499,2019-11-15T15.42.53.499,12.933,0.610,-9.695,5.976
1573803773509,2019-11-15T15.42.53.509,12.943,-0.915,-5.610,6.280
1573803773520,2019-11-15T15.42.53.520,12.954,-2.195,-3.780,6.524
1573803773530,2019-11-15T15.42.53.530,12.964,-2.866,-5.915,7.317
1573803773540,2019-11-15T15.42.53.540,12.974,-2.988,-11.768,8.171
1573803773550,2019-11-15T15.42.53.550,12.984,-3.293,-18.841,8.963
1573803773561,2019-11-15T15.42.53.561,12.995,-3.780,-25.427,9.756
1573803773571,2019-11-15T15.42.53.571,13.005,-4.695,-29.451,10.000
1573803773581,2019-11-15T15.42.53.581,13.015,-6.280,-30.549,10.488
1573803773592,2019-11-15T15.42.53.592,13.026,-8.110,-29.024,10.732
1573803773600,2019-11-15T15.42.53.600,13.034,-9.207,-24.939,9.634
1573803773611,2019-11-15T15.42.53.611,13.045,-9.817,-19.390,8.780
1573803773621,2019-11-15T15.42.53.621,13.055,-10.183,-12.866,7.744
1573803773631,2019-11-15T15.42.53.631,13.065,-10.244,-5.671,6.341
1573803773641,2019-11-15T15.42.53.641,13.075,-9.573,0.000,4.817
1573803773652,2019-11-15T15.42.53.652,13.086,-8.537,2.805,3.476
1573803773662,2019-11-15T15.42.53.662,13.096,-7.195,4.146,2.073
1573803773672,2019-11-15T15.42.53.672,13.106,-5.915,4.146,0.610
1573803773682,2019-11-15T15.42.53.682,13.116,-4.939,2.744,-0.610
1573803773693,2019-11-15T15.42.53.693,13.127,-4.329,1.037,-1.280
1573803773703,2019-11-15T15.42.53.703,13.137,-4.024,0.122,-1.341
1573803773712,2019-11-15T15.42.53.712,13.146,-4.024,-0.061,-1.098
1573803773722,2019-11-15T15.42.53.722,13.156,-4.329,0.366,-0.427
1573803773732,2019-11-15T15.42.53.732,13.166,-4.939,1.402,0.793
1573803773742,2019-11-15T15.42.53.742,13.176,-5.732,2.805,2.500
1573803773753,2019-11-15T15.42.53.753,13.187,-6.463,3.476,4.451
1573803773763,2019-11-15T15.42.53.763,13.197,-7.134,3.415,6.463
1573803773773,2019-11-15T15.42.53.773,13.207,-7.683,3.902,8.232
1573803773783,2019-11-15T15.42.53.783,13.217,-7.927,5.305,9.329
1573803773794,2019-11-15T15.42.53.794,13.228,-7.622,7.073,10.000
1573803773804,2019-11-15T15.42.53.804,13.238,-7.256,7.988,10.366
1573803773813,2019-11-15T15.42.53.813,13.247,-6.402,7.622,10.793
1573803773823,2019-11-15T15.42.53.823,13.257,-5.183,6.829,11.402
1573803773833,2019-11-15T15.42.53.833,13.267,-4.512,4.878,11.707
1573803773843,2019-11-15T15.42.53.843,13.277,-3.720,2.195,11.524
1573803773854,2019-11-15T15.42.53.854,13.288,-3.354,-0.366,10.854
1573803773864,2019-11-15T15.42.53.864,13.298,-3.049,-3.171,9.817
1573803773874,2019-11-15T15.42.53.874,13.308,-2.988,-4.939,8.598
1573803773884,2019-11-15T15.42.53.884,13.318,-3.476,-3.720,7.378
1573803773895,2019-11-15T15.42.53.895,13.329,-3.963,-0.305,6.341
1573803773905,2019-11-15T15.42.53.905,13.339,-4.451,2.988,5.000
1573803773914,2019-11-15T15.42.53.914,13.348,-4.939,5.915,3.354
1573803773924,2019-11-15T15.42.53.924,13.358,-5.854,8.476,2.134
1573803773934,2019-11-15T15.42.53.934,13.368,-6.829,10.183,1.220
1573803773945,2019-11-15T15.42.53.945,13.379,-7.622,10.427,-0.122
1573803773955,2019-11-15T15.42.53.955,13.389,-8.415,9.695,-1.463
1573803773965,2019-11-15T15.42.53.965,13.399,-9.390,8.841,-2.500
1573803773975,2019-11-15T15.42.53.975,13.409,-10.549,10.671,-3.293
1573803773986,2019-11-15T15.42.53.986,13.420,-11.768,14.512,-4.024
1573803773996,2019-11-15T15.42.53.996,13.430,-13.415,17.561,-4.024
1573803774006,2019-11-15T15.42.54.006,13.440,-15.732,17.439,-2.683
1573803774016,2019-11-15T15.42.54.016,13.450,-17.439,14.878,-0.427
1573803774025,2019-11-15T15.42.54.025,13.459,-16.646,11.768,1.768
1573803774035,2019-11-15T15.42.54.035,13.469,-15.366,10.427,2.317
1573803774046,2019-11-15T15.42.54.046,13.480,-14.207,14.024,1.951
1573803774056,2019-11-15T15.42.54.056,13.490,-12.805,16.159,2.439
1573803774066,2019-11-15T15.42.54.066,13.500,-10.366,11.890,3.415
1573803774076,2019-11-15T15.42.54.076,13.510,-7.805,1.951,1.890
1573803774087,2019-11-15T15.42.54.087,13.521,-6.037,-9.451,0.488
1573803774097,2019-11-15T15.42.54.097,13.531,-4.634,-20.122,1.220
1573803774107,2019-11-15T15.42.54.107,13.541,-3.476,-28.841,1.768
1573803774117,2019-11-15T15.42.54.117,13.551,-2.988,-34.634,1.280
1573803774128,2019-11-15T15.42.54.128,13.562,-3.415,-35.061,-0.427
1573803774136,2019-11-15T15.42.54.136,13.570,-4.451,-30.000,-3.232
1573803774147,2019-11-15T15.42.54.147,13.581,-5.793,-21.951,-6.220
1573803774157,2019-11-15T15.42.54.157,13.591,-7.134,-11.768,-9.085
1573803774167,2019-11-15T15.42.54.167,13.601,-9.146,-0.732,-10.732
1573803774177,2019-11-15T15.42.54.177,13.611,-11.159,5.366,-11.037
1573803774188,2019-11-15T15.42.54.188,13.622,-12.439,4.329,-10.732
1573803774198,2019-11-15T15.42.54.198,13.632,-13.232,-0.915,-10.244
1573803774208,2019-11-15T15.42.54.208,13.642,-13.537,-6.159,-9.573
1573803774218,2019-11-15T15.42.54.218,13.652,-13.110,-7.744,-9.817
1573803774229,2019-11-15T15.42.54.229,13.663,-12.500,-4.207,-11.646
1573803774238,2019-11-15T15.42.54.238,13.672,-11.402,1.951,-13.963
1573803774248,2019-11-15T15.42.54.248,13.682,-9.878,8.537,-16.341
1573803774258,2019-11-15T15.42.54.258,13.692,-7.866,14.329,-18.110
1573803774268,2019-11-15T15.42.54.268,13.702,-5.610,17.866,-18.537
1573803774279,2019-11-15T15.42.54.279,13.713,-3.232,17.378,-18.049
1573803774289,2019-11-15T15.42.54.289,13.723,-0.854,14.329,-17.256
1573803774299,2019-11-15T15.42.54.299,13.733,1.220,11.402,-16.098
1573803774309,2019-11-15T15.42.54.309,13.743,2.805,8.354,-13.537
1573803774320,2019-11-15T15.42.54.320,13.754,3.598,3.902,-10.732
1573803774330,2019-11-15T15.42.54.330,13.764,3.659,-0.183,-8.049
1573803774340,2019-11-15T15.42.54.340,13.774,2.988,-2.378,-5.488
1573803774349,2019-11-15T15.42.54.349,13.783,2.073,-3.720,-2.561
1573803774359,2019-11-15T15.42.54.359,13.793,1.037,-4.695,0.793
1573803774369,2019-11-15T15.42.54.369,13.803,0.000,-3.476,2.988
1573803774380,2019-11-15T15.42.54.380,13.814,-0.915,-1.402,4.878
1573803774390,2019-11-15T15.42.54.390,13.824,-1.402,0.000,6.524
1573803774400,2019-11-15T15.42.54.400,13.834,-1.707,0.488,7.256
1573803774410,2019-11-15T15.42.54.410,13.844,-1.585,1.524,7.439
1573803774421,2019-11-15T15.42.54.421,13.855,-2.012,3.476,7.317
1573803774431,2019-11-15T15.42.54.431,13.865,-2.744,5.671,6.341
1573803774441,2019-11-15T15.42.54.441,13.875,-3.232,8.476,4.939
1573803774451,2019-11-15T15.42.54.451,13.885,-3.659,12.134,3.720
1573803774460,2019-11-15T15.42.54.460,13.894,-3.537,16.220,2.012
1573803774470,2019-11-15T15.42.54.470,13.904,-2.805,19.634,-0.122
1573803774481,2019-11-15T15.42.54.481,13.915,-2.439,21.402,-2.317
1573803774491,2019-11-15T15.42.54.491,13.925,-1.890,20.732,-4.512
1573803774501,2019-11-15T15.42.54.501,13.935,-0.854,17.256,-6.098
1573803774511,2019-11-15T15.42.54.511,13.945,0.549,10.610,-7.500
1573803774522,2019-11-15T15.42.54.522,13.956,2.134,1.402,-9.146
1573803774532,2019-11-15T15.42.54.532,13.966,3.902,-9.146,-10.854
1573803774542,2019-11-15T15.42.54.542,13.976,5.732,-18.963,-12.561
1573803774552,2019-11-15T15.42.54.552,13.986,7.866,-27.195,-14.207
1573803774561,2019-11-15T15.42.54.561,13.995,9.390,-33.476,-15.854
1573803774571,2019-11-15T15.42.54.571,14.005,10.244,-36.646,-17.317
1573803774582,2019-11-15T15.42.54.582,14.016,9.268,-36.890,-18.049
1573803774592,2019-11-15T15.42.54.592,14.026,7.988,-37.866,-17.256
1573803774602,2019-11-15T15.42.54.602,14.036,6.951,-39.695,-16.402
1573803774613,2019-11-15T15.42.54.613,14.047,5.976,-40.244,-15.549
1573803774623,2019-11-15T15.42.54.623,14.057,5.305,-38.963,-14.817
1573803774633,2019-11-15T15.42.54.633,14.067,4.390,-35.732,-15.366
1573803774643,2019-11-15T15.42.54.643,14.077,3.780,-31.890,-16.829
1573803774654,2019-11-15T15.42.54.654,14.088,3.537,-29.390,-18.476
1573803774662,2019-11-15T15.42.54.662,14.096,3.780,-27.317,-20.427
1573803774673,2019-11-15T15.42.54.673,14.107,3.720,-24.756,-22.012
1573803774683,2019-11-15T15.42.54.683,14.117,3.537,-24.390,-22.134
1573803774693,2019-11-15T15.42.54.693,14.127,3.963,-25.915,-22.317
1573803774703,2019-11-15T15.42.54.703,14.137,4.207,-27.622,-22.988
1573803774714,2019-11-15T15.42.54.714,14.148,4.268,-29.634,-22.927
1573803774724,2019-11-15T15.42.54.724,14.158,4.207,-32.012,-22.622
1573803774734,2019-11-15T15.42.54.734,14.168,3.780,-34.085,-22.195
1573803774744,2019-11-15T15.42.54.744,14.178,3.232,-35.122,-21.341
1573803774755,2019-11-15T15.42.54.755,14.189,2.500,-36.341,-19.939
1573803774763,2019-11-15T15.42.54.763,14.197,1.951,-36.037,-18.841
1573803774774,2019-11-15T15.42.54.774,14.208,1.280,-32.195,-17.866
1573803774784,2019-11-15T15.42.54.784,14.218,0.061,-23.720,-16.829
1573803774794,2019-11-15T15.42.54.794,14.228,-1.951,-11.220,-16.098
1573803774804,2019-11-15T15.42.54.804,14.238,-3.720,1.220,-16.402
1573803774815,2019-11-15T15.42.54.815,14.249,-5.427,10.366,-16.524
1573803774825,2019-11-15T15.42.54.825,14.259,-6.341,14.512,-15.732
1573803774835,2019-11-15T15.42.54.835,14.269,-5.976,13.110,-14.268
1573803774845,2019-11-15T15.42.54.845,14.279,-4.756,9.573,-12.378
1573803774856,2019-11-15T15.42.54.856,14.290,-4.085,5.854,-10.000
1573803774866,2019-11-15T15.42.54.866,14.300,-3.354,1.463,-7.073
1573803774875,2019-11-15T15.42.54.875,14.309,-2.439,-2.317,-4.756
1573803774885,2019-11-15T15.42.54.885,14.319,-1.098,-5.061,-3.171
1573803774895,2019-11-15T15.42.54.895,14.329,0.183,-6.768,-1.402
1573803774905,2019-11-15T15.42.54.905,14.339,1.463,-7.622,0.183
1573803774916,2019-11-15T15.42.54.916,14.350,2.073,-7.561,1.280
1573803774926,2019-11-15T15.42.54.926,14.360,2.195,-7.927,3.049
1573803774936,2019-11-15T15.42.54.936,14.370,1.951,-9.451,5.061
1573803774946,2019-11-15T15.42.54.946,14.380,2.134,-10.793,7.317
1573803774957,2019-11-15T15.42.54.957,14.391,2.012,-11.037,9.878
1573803774967,2019-11-15T15.42.54.967,14.401,1.524,-9.512,12.256
1573803774976,2019-11-15T15.42.54.976,14.410,1.341,-6.402,13.354
1573803774986,2019-11-15T15.42.54.986,14.420,1.098,-2.622,13.963
1573803774996,2019-11-15T15.42.54.996,14.430,0.671,0.000,14.573
1573803775007,2019-11-15T15.42.55.007,14.441,1.098,0.061,15.305
1573803775017,2019-11-15T15.42.55.017,14.451,1.646,-1.707,16.768
1573803775027,2019-11-15T15.42.55.027,14.461,1.890,-3.598,18.537
1573803775037,2019-11-15T15.42.55.037,14.471,2.500,-5.732,20.305
1573803775048,2019-11-15T15.42.55.048,14.482,2.988,-6.524,21.463
1573803775058,2019-11-15T15.42.55.058,14.492,2.988,-5.305,22.195
1573803775068,2019-11-15T15.42.55.068,14.502,3.171,-2.561,22.561
1573803775078,2019-11-15T15.42.55.078,14.512,3.110,1.463,22.195
1573803775087,2019-11-15T15.42.55.087,14.521,3.354,5.366,21.585
1573803775097,2019-11-15T15.42.55.097,14.531,3.354,8.354,20.915
1573803775108,2019-11-15T15.42.55.108,14.542,3.537,10.122,20.732
1573803775118,2019-11-15T15.42.55.118,14.552,4.207,10.610,20.976
1573803775128,2019-11-15T15.42.55.128,14.562,4.329,10.732,21.220
1573803775138,2019-11-15T15.42.55.138,14.572,4.512,11.951,21.707
1573803775149,2019-11-15T15.42.55.149,14.583,4.817,14.390,22.134
1573803775159,2019-11-15T15.42.55.159,14.593,4.695,16.829,22.683
1573803775169,2019-11-15T15.42.55.169,14.603,4.878,18.415,23.049
1573803775179,2019-11-15T15.42.55.179,14.613,4.939,19.756,23.171
1573803775188,2019-11-15T15.42.55.188,14.622,4.695,19.695,23.902
1573803775198,2019-11-15T15.42.55.198,14.632,4.390,17.866,24.817
1573803775209,2019-11-15T15.42.55.209,14.643,3.902,15.915,25.793
1573803775219,2019-11-15T15.42.55.219,14.653,3.476,14.451,26.768
1573803775229,2019-11-15T15.42.55.229,14.663,2.683,14.390,27.439
1573803775239,2019-11-15T15.42.55.239,14.673,2.073,15.305,27.805
1573803775250,2019-11-15T15.42.55.250,14.684,1.463,16.768,27.988
1573803775260,2019-11-15T15.42.55.260,14.694,0.793,18.537,28.110
1573803775270,2019-11-15T15.42.55.270,14.704,0.183,19.878,28.659
1573803775280,2019-11-15T15.42.55.280,14.714,-0.061,20.488,29.329
1573803775291,2019-11-15T15.42.55.291,14.725,-0.488,20.488,29.573
1573803775300,2019-11-15T15.42.55.300,14.734,-0.793,19.390,29.390
1573803775310,2019-11-15T15.42.55.310,14.744,-0.793,19.756,28.171
1573803775320,2019-11-15T15.42.55.320,14.754,-1.098,23.659,26.159
1573803775330,2019-11-15T15.42.55.330,14.764,-1.951,30.305,24.268
1573803775341,2019-11-15T15.42.55.341,14.775,-4.085,38.598,22.988
1573803775351,2019-11-15T15.42.55.351,14.785,-6.037,46.646,22.256
1573803775361,2019-11-15T15.42.55.361,14.795,-7.683,53.232,22.073
1573803775371,2019-11-15T15.42.55.371,14.805,-9.207,57.500,22.195
1573803775382,2019-11-15T15.42.55.382,14.816,-10.488,58.720,22.561
1573803775392,2019-11-15T15.42.55.392,14.826,-10.976,57.561,22.744
1573803775401,2019-11-15T15.42.55.401,14.835,-10.549,55.854,22.317
1573803775411,2019-11-15T15.42.55.411,14.845,-9.817,55.488,21.585
1573803775421,2019-11-15T15.42.55.421,14.855,-8.902,56.768,19.878
1573803775431,2019-11-15T15.42.55.431,14.865,-8.415,59.756,17.378
1573803775442,2019-11-15T15.42.55.442,14.876,-8.293,61.463,17.195
1573803775452,2019-11-15T15.42.55.452,14.886,-7.866,61.646,16.463
1573803775462,2019-11-15T15.42.55.462,14.896,-7.195,61.585,15.000
1573803775472,2019-11-15T15.42.55.472,14.906,-6.280,60.000,15.427
1573803775483,2019-11-15T15.42.55.483,14.917,-4.878,57.195,16.585
1573803775493,2019-11-15T15.42.55.493,14.927,-4.329,55.061,16.524
1573803775502,2019-11-15T15.42.55.502,14.936,-3.963,54.085,16.220
1573803775512,2019-11-15T15.42.55.512,14.946,-3.902,53.963,15.854
1573803775522,2019-11-15T15.42.55.522,14.956,-4.390,54.878,14.878
1573803775532,2019-11-15T15.42.55.532,14.966,-5.122,56.402,13.598
1573803775543,2019-11-15T15.42.55.543,14.977,-6.646,56.829,12.927
1573803775553,2019-11-15T15.42.55.553,14.987,-8.049,55.488,11.951
1573803775563,2019-11-15T15.42.55.563,14.997,-8.415,52.256,11.220
1573803775573,2019-11-15T15.42.55.573,15.007,-8.963,49.512,9.878
1573803775584,2019-11-15T15.42.55.584,15.018,-10.122,49.146,8.537
1573803775594,2019-11-15T15.42.55.594,15.028,-10.671,49.146,7.378
1573803775603,2019-11-15T15.42.55.603,15.037,-11.220,49.207,5.793
1573803775613,2019-11-15T15.42.55.613,15.047,-11.524,48.780,3.598
1573803775623,2019-11-15T15.42.55.623,15.057,-11.159,47.317,1.037
1573803775633,2019-11-15T15.42.55.633,15.067,-10.366,43.841,-0.854
1573803775644,2019-11-15T15.42.55.644,15.078,-8.110,38.780,-2.317
1573803775654,2019-11-15T15.42.55.654,15.088,-7.317,34.939,-4.085
1573803775664,2019-11-15T15.42.55.664,15.098,-7.805,33.659,-6.159
1573803775675,2019-11-15T15.42.55.675,15.109,-8.780,33.780,-7.866
1573803775685,2019-11-15T15.42.55.685,15.119,-9.390,34.329,-9.817
1573803775695,2019-11-15T15.42.55.695,15.129,-10.427,34.085,-12.317
1573803775705,2019-11-15T15.42.55.705,15.139,-11.646,31.341,-14.390
1573803775714,2019-11-15T15.42.55.714,15.148,-11.890,24.695,-17.073
1573803775724,2019-11-15T15.42.55.724,15.158,-11.585,16.220,-20.366
1573803775735,2019-11-15T15.42.55.735,15.169,-11.951,9.573,-23.720
1573803775745,2019-11-15T15.42.55.745,15.179,-11.524,5.061,-27.317
1573803775755,2019-11-15T15.42.55.755,15.189,-10.915,0.549,-31.463
1573803775765,2019-11-15T15.42.55.765,15.199,-11.646,-5.549,-35.427
1573803775776,2019-11-15T15.42.55.776,15.210,-11.890,-12.073,-40.549
1573803775786,2019-11-15T15.42.55.786,15.220,-11.341,-17.012,-46.646
1573803775796,2019-11-15T15.42.55.796,15.230,-11.890,-16.951,-51.951
1573803775806,2019-11-15T15.42.55.806,15.240,-13.293,-12.744,-56.220
1573803775815,2019-11-15T15.42.55.815,15.249,-15.061,-8.963,-59.451
1573803775825,2019-11-15T15.42.55.825,15.259,-15.976,-10.000,-62.256
1573803775836,2019-11-15T15.42.55.836,15.270,-17.195,-15.000,-65.122
1573803775846,2019-11-15T15.42.55.846,15.280,-20.183,-19.878,-68.659
1573803775856,2019-11-15T15.42.55.856,15.290,-23.963,-20.671,-72.744
1573803775866,2019-11-15T15.42.55.866,15.300,-28.049,-14.085,-77.134
1573803775877,2019-11-15T15.42.55.877,15.311,-33.049,-1.037,-83.049
1573803775887,2019-11-15T15.42.55.887,15.321,-39.085,14.268,-92.134
1573803775897,2019-11-15T15.42.55.897,15.331,-45.183,32.256,-104.024
1573803775907,2019-11-15T15.42.55.907,15.341,-51.707,55.671,-117.073
1573803775918,2019-11-15T15.42.55.918,15.352,-59.695,84.512,-130.305
1573803775926,2019-11-15T15.42.55.926,15.360,-68.780,112.073,-144.268
1573803775937,2019-11-15T15.42.55.937,15.371,-76.768,130.000,-157.866
1573803775947,2019-11-15T15.42.55.947,15.381,-81.463,136.220,-170.976
1573803775957,2019-11-15T15.42.55.957,15.391,-82.683,136.463,-184.268
1573803775967,2019-11-15T15.42.55.967,15.401,-82.012,139.268,-197.134
1573803775978,2019-11-15T15.42.55.978,15.412,-81.585,144.573,-209.512
1573803775988,2019-11-15T15.42.55.988,15.422,-82.195,142.439,-220.183
1573803775998,2019-11-15T15.42.55.998,15.432,-78.902,123.780,-227.195
1573803776008,2019-11-15T15.42.56.008,15.442,-70.244,94.756,-231.463
1573803776019,2019-11-15T15.42.56.019,15.453,-60.549,67.256,-236.220
1573803776028,2019-11-15T15.42.56.028,15.462,-53.354,47.439,-241.098
1573803776038,2019-11-15T15.42.56.038,15.472,-46.829,35.427,-244.817
1573803776048,2019-11-15T15.42.56.048,15.482,-41.402,29.146,-248.963
1573803776058,2019-11-15T15.42.56.058,15.492,-36.585,26.220,-254.695
1573803776069,2019-11-15T15.42.56.069,15.503,-31.707,21.037,-260.488
1573803776079,2019-11-15T15.42.56.079,15.513,-26.585,11.585,-265.305
1573803776089,2019-11-15T15.42.56.089,15.523,-20.732,-1.220,-270.244
1573803776099,2019-11-15T15.42.56.099,15.533,-15.976,-12.256,-274.512
1573803776110,2019-11-15T15.42.56.110,15.544,-13.049,-18.598,-277.256
1573803776120,2019-11-15T15.42.56.120,15.554,-10.610,-22.927,-278.598
1573803776129,2019-11-15T15.42.56.129,15.563,-8.963,-26.341,-277.988
1573803776139,2019-11-15T15.42.56.139,15.573,-8.232,-26.829,-277.622
1573803776149,2019-11-15T15.42.56.149,15.583,-8.171,-23.659,-279.451
1573803776159,2019-11-15T15.42.56.159,15.593,-6.951,-16.646,-283.902
1573803776170,2019-11-15T15.42.56.170,15.604,-6.829,-7.927,-289.878
1573803776180,2019-11-15T15.42.56.180,15.614,-6.951,-2.805,-295.305
1573803776190,2019-11-15T15.42.56.190,15.624,-5.183,-3.598,-298.720
1573803776200,2019-11-15T15.42.56.200,15.634,-2.256,-8.232,-302.988
1573803776211,2019-11-15T15.42.56.211,15.645,0.366,-12.866,-307.500
1573803776221,2019-11-15T15.42.56.221,15.655,1.890,-15.061,-309.451
1573803776231,2019-11-15T15.42.56.231,15.665,3.171,-14.573,-308.720
1573803776240,2019-11-15T15.42.56.240,15.674,4.817,-13.659,-306.768
1573803776250,2019-11-15T15.42.56.250,15.684,6.707,-12.805,-303.598
1573803776260,2019-11-15T15.42.56.260,15.694,8.963,-15.244,-299.756
1573803776271,2019-11-15T15.42.56.271,15.705,13.415,-20.183,-295.000
1573803776281,2019-11-15T15.42.56.281,15.715,17.744,-23.171,-288.659
1573803776291,2019-11-15T15.42.56.291,15.725,19.573,-22.317,-281.280
1573803776301,2019-11-15T15.42.56.301,15.735,19.878,-20.610,-272.378
1573803776312,2019-11-15T15.42.56.312,15.746,21.341,-20.671,-262.805
1573803776322,2019-11-15T15.42.56.322,15.756,24.085,-20.671,-253.110
1573803776332,2019-11-15T15.42.56.332,15.766,27.195,-17.195,-243.415
1573803776341,2019-11-15T15.42.56.341,15.775,30.183,-7.683,-234.207
1573803776351,2019-11-15T15.42.56.351,15.785,31.829,8.293,-225.488
1573803776362,2019-11-15T15.42.56.362,15.796,31.646,25.122,-215.976
1573803776372,2019-11-15T15.42.56.372,15.806,31.220,38.171,-205.549
1573803776382,2019-11-15T15.42.56.382,15.816,31.098,45.671,-195.915
1573803776392,2019-11-15T15.42.56.392,15.826,31.768,46.220,-186.707
1573803776403,2019-11-15T15.42.56.403,15.837,32.256,37.866,-176.829
1573803776413,2019-11-15T15.42.56.413,15.847,32.622,27.073,-166.098
1573803776423,2019-11-15T15.42.56.423,15.857,32.195,17.073,-155.793
1573803776433,2019-11-15T15.42.56.433,15.867,31.220,9.512,-147.134
1573803776442,2019-11-15T15.42.56.442,15.876,31.463,3.110,-139.939
1573803776452,2019-11-15T15.42.56.452,15.886,31.951,-4.573,-134.085
1573803776463,2019-11-15T15.42.56.463,15.897,31.220,-15.610,-128.963
1573803776473,2019-11-15T15.42.56.473,15.907,29.329,-30.976,-126.098
1573803776483,2019-11-15T15.42.56.483,15.917,28.537,-47.256,-121.707
1573803776493,2019-11-15T15.42.56.493,15.927,29.268,-62.805,-116.280
1573803776504,2019-11-15T15.42.56.504,15.938,31.280,-76.951,-111.098
1573803776514,2019-11-15T15.42.56.514,15.948,33.659,-89.268,-103.963
1573803776524,2019-11-15T15.42.56.524,15.958,35.427,-96.646,-96.524
1573803776534,2019-11-15T15.42.56.534,15.968,35.244,-98.049,-89.695
1573803776545,2019-11-15T15.42.56.545,15.979,33.598,-94.024,-82.012
1573803776553,2019-11-15T15.42.56.553,15.987,29.207,-86.159,-73.293
1573803776564,2019-11-15T15.42.56.564,15.998,23.720,-78.963,-64.573
1573803776574,2019-11-15T15.42.56.574,16.008,19.695,-75.976,-54.817
1573803776584,2019-11-15T15.42.56.584,16.018,16.768,-73.232,-45.976
1573803776594,2019-11-15T15.42.56.594,16.028,13.902,-66.280,-37.988
1573803776605,2019-11-15T15.42.56.605,16.039,11.646,-50.610,-29.024
1573803776615,2019-11-15T15.42.56.615,16.049,8.963,-25.061,-20.244
1573803776625,2019-11-15T15.42.56.625,16.059,4.085,8.293,-10.549
1573803776635,2019-11-15T15.42.56.635,16.069,-1.768,43.232,0.488
1573803776646,2019-11-15T15.42.56.646,16.080,-8.598,72.439,13.232
1573803776654,2019-11-15T15.42.56.654,16.088,-15.854,87.256,26.890
1573803776665,2019-11-15T15.42.56.665,16.099,-21.646,86.341,36.585
1573803776675,2019-11-15T15.42.56.675,16.109,-25.549,72.256,40.000
1573803776685,2019-11-15T15.42.56.685,16.119,-28.415,55.976,38.720
1573803776696,2019-11-15T15.42.56.696,16.130,-32.561,47.683,34.207
1573803776706,2019-11-15T15.42.56.706,16.140,-38.232,45.000,28.720
1573803776716,2019-11-15T15.42.56.716,16.150,-44.268,44.329,24.329
1573803776726,2019-11-15T15.42.56.726,16.160,-48.232,47.073,21.341
1573803776737,2019-11-15T15.42.56.737,16.171,-51.768,57.256,18.780
1573803776747,2019-11-15T15.42.56.747,16.181,-56.829,71.220,17.500
1573803776756,2019-11-15T15.42.56.756,16.190,-60.549,81.463,14.634
1573803776766,2019-11-15T15.42.56.766,16.200,-61.159,81.707,8.171
1573803776776,2019-11-15T15.42.56.776,16.210,-59.024,70.793,0.427
1573803776786,2019-11-15T15.42.56.786,16.220,-55.244,53.354,-7.683
1573803776797,2019-11-15T15.42.56.797,16.231,-49.573,36.707,-16.707
1573803776807,2019-11-15T15.42.56.807,16.241,-42.805,27.988,-24.512
1573803776817,2019-11-15T15.42.56.817,16.251,-36.890,26.524,-28.110
1573803776827,2019-11-15T15.42.56.827,16.261,-30.671,28.232,-28.598
1573803776838,2019-11-15T15.42.56.838,16.272,-21.768,28.293,-28.780
1573803776848,2019-11-15T15.42.56.848,16.282,-12.012,24.207,-30.915
1573803776858,2019-11-15T15.42.56.858,16.292,-3.780,18.110,-38.476
1573803776867,2019-11-15T15.42.56.867,16.301,3.537,10.488,-42.683
1573803776877,2019-11-15T15.42.56.877,16.311,7.012,-3.780,-42.866
1573803776887,2019-11-15T15.42.56.887,16.321,11.037,-29.146,-46.524
1573803776898,2019-11-15T15.42.56.898,16.332,16.463,-54.756,-45.976
1573803776908,2019-11-15T15.42.56.908,16.342,19.268,-69.756,-43.720
1573803776918,2019-11-15T15.42.56.918,16.352,17.561,-67.012,-41.890
1573803776928,2019-11-15T15.42.56.928,16.362,13.049,-50.122,-35.488
1573803776939,2019-11-15T15.42.56.939,16.373,7.805,-28.171,-23.232
1573803776949,2019-11-15T15.42.56.949,16.383,5.610,-6.951,-7.500
1573803776959,2019-11-15T15.42.56.959,16.393,6.646,13.171,6.220
1573803776968,2019-11-15T15.42.56.968,16.402,8.659,29.512,17.683
1573803776978,2019-11-15T15.42.56.978,16.412,10.732,39.695,26.341
1573803776988,2019-11-15T15.42.56.988,16.422,12.378,41.280,31.463
1573803776999,2019-11-15T15.42.56.999,16.433,14.695,35.854,31.341
1573803777009,2019-11-15T15.42.57.009,16.443,18.720,26.463,25.488
1573803777019,2019-11-15T15.42.57.019,16.453,23.171,19.390,17.317
1573803777029,2019-11-15T15.42.57.029,16.463,24.756,20.854,9.756
1573803777040,2019-11-15T15.42.57.040,16.474,23.537,31.220,3.598
1573803777050,2019-11-15T15.42.57.050,16.484,21.463,45.854,-0.488
1573803777060,2019-11-15T15.42.57.060,16.494,17.622,56.524,-3.293
1573803777069,2019-11-15T15.42.57.069,16.503,10.793,58.110,-1.829
1573803777079,2019-11-15T15.42.57.079,16.513,6.098,53.963,2.012
1573803777090,2019-11-15T15.42.57.090,16.524,2.622,49.329,2.317
1573803777100,2019-11-15T15.42.57.100,16.534,-3.720,46.159,1.890
1573803777110,2019-11-15T15.42.57.110,16.544,-9.085,44.329,1.280
1573803777120,2019-11-15T15.42.57.120,16.554,-13.720,43.415,-1.585
1573803777131,2019-11-15T15.42.57.131,16.565,-18.598,42.683,-5.427
1573803777141,2019-11-15T15.42.57.141,16.575,-22.195,41.768,-9.329
1573803777151,2019-11-15T15.42.57.151,16.585,-24.451,41.402,-12.439
1573803777161,2019-11-15T15.42.57.161,16.595,-24.329,39.024,-13.902
1573803777172,2019-11-15T15.42.57.172,16.606,-23.415,36.037,-14.451
1573803777180,2019-11-15T15.42.57.180,16.614,-21.037,31.098,-11.829
1573803777191,2019-11-15T15.42.57.191,16.625,-15.427,24.878,-7.195
1573803777201,2019-11-15T15.42.57.201,16.635,-8.232,14.146,-5.244
1573803777211,2019-11-15T15.42.57.211,16.645,-0.244,-0.549,-6.341
1573803777221,2019-11-15T15.42.57.221,16.655,9.024,-15.366,-10.183
1573803777232,2019-11-15T15.42.57.232,16.666,17.317,-33.659,-16.707
1573803777242,2019-11-15T15.42.57.242,16.676,23.110,-55.122,-21.280
1573803777252,2019-11-15T15.42.57.252,16.686,26.951,-77.134,-26.159
1573803777262,2019-11-15T15.42.57.262,16.696,28.415,-92.134,-29.085
1573803777273,2019-11-15T15.42.57.273,16.707,25.854,-92.256,-27.866
1573803777281,2019-11-15T15.42.57.281,16.715,20.061,-77.805,-24.207
1573803777292,2019-11-15T15.42.57.292,16.726,13.171,-55.671,-17.439
1573803777302,2019-11-15T15.42.57.302,16.736,7.866,-32.561,-7.988
1573803777312,2019-11-15T15.42.57.312,16.746,4.512,-15.000,3.537
1573803777322,2019-11-15T15.42.57.322,16.756,2.439,-4.939,15.610
1573803777333,2019-11-15T15.42.57.333,16.767,0.793,-2.683,27.622
1573803777343,2019-11-15T15.42.57.343,16.777,1.159,-5.488,36.585
1573803777353,2019-11-15T15.42.57.353,16.787,3.415,-8.659,39.939
1573803777363,2019-11-15T15.42.57.363,16.797,6.768,-8.780,37.073
1573803777374,2019-11-15T15.42.57.374,16.808,9.573,-3.049,29.756
1573803777383,2019-11-15T15.42.57.383,16.817,11.098,10.488,20.976
1573803777393,2019-11-15T15.42.57.393,16.827,11.280,25.854,14.329
1573803777403,2019-11-15T15.42.57.403,16.837,11.646,36.463,10.793
1573803777413,2019-11-15T15.42.57.413,16.847,10.610,38.537,8.232
1573803777424,2019-11-15T15.42.57.424,16.858,5.610,36.037,8.232
1573803777434,2019-11-15T15.42.57.434,16.868,1.159,33.354,10.427
1573803777444,2019-11-15T15.42.57.444,16.878,-2.134,30.549,10.000
1573803777454,2019-11-15T15.42.57.454,16.888,-9.146,29.329,6.585
1573803777465,2019-11-15T15.42.57.465,16.899,-15.793,30.061,1.159
1573803777475,2019-11-15T15.42.57.475,16.909,-21.220,31.037,-4.695
1573803777485,2019-11-15T15.42.57.485,16.919,-25.000,28.780,-6.585
1573803777494,2019-11-15T15.42.57.494,16.928,-23.963,21.829,-7.378
1573803777504,2019-11-15T15.42.57.504,16.938,-18.293,16.402,-9.695
1573803777514,2019-11-15T15.42.57.514,16.948,-12.561,15.915,-12.622
1573803777525,2019-11-15T15.42.57.525,16.959,-9.939,14.207,-12.927
1573803777535,2019-11-15T15.42.57.535,16.969,-6.280,6.402,-8.841
1573803777545,2019-11-15T15.42.57.545,16.979,-0.671,-9.939,-4.024
1573803777555,2019-11-15T15.42.57.555,16.989,4.207,-28.598,-1.463
1573803777566,2019-11-15T15.42.57.566,17.000,5.732,-38.354,-1.768
1573803777576,2019-11-15T15.42.57.576,17.010,4.512,-38.537,-1.402
1573803777586,2019-11-15T15.42.57.586,17.020,5.549,-34.207,-1.646
1573803777595,2019-11-15T15.42.57.595,17.029,7.134,-23.171,-5.793
1573803777605,2019-11-15T15.42.57.605,17.039,5.976,-3.415,-7.744
1573803777615,2019-11-15T15.42.57.615,17.049,0.915,17.500,-4.939
1573803777626,2019-11-15T15.42.57.626,17.060,-2.256,27.439,0.000
1573803777636,2019-11-15T15.42.57.636,17.070,-1.280,22.256,3.537
1573803777646,2019-11-15T15.42.57.646,17.080,3.110,11.341,4.268
1573803777656,2019-11-15T15.42.57.656,17.090,9.756,7.622,0.488
1573803777667,2019-11-15T15.42.57.667,17.101,15.793,11.524,-7.439
1573803777677,2019-11-15T15.42.57.677,17.111,21.220,18.171,-17.073
1573803777687,2019-11-15T15.42.57.687,17.121,26.402,22.500,-26.707
1573803777696,2019-11-15T15.42.57.696,17.130,28.232,22.195,-32.866
1573803777706,2019-11-15T15.42.57.706,17.140,26.159,19.207,-34.451
1573803777717,2019-11-15T15.42.57.717,17.151,23.293,16.341,-31.890
1573803777727,2019-11-15T15.42.57.727,17.161,21.585,12.866,-27.500
1573803777737,2019-11-15T15.42.57.737,17.171,18.049,10.488,-23.476
1573803777747,2019-11-15T15.42.57.747,17.181,11.646,12.256,-14.634
1573803777758,2019-11-15T15.42.57.758,17.192,4.451,16.707,-5.427
1573803777768,2019-11-15T15.42.57.768,17.202,-3.110,23.110,-1.341
1573803777778,2019-11-15T15.42.57.778,17.212,-11.402,30.305,1.585
1573803777788,2019-11-15T15.42.57.788,17.222,-19.817,35.610,4.451
1573803777799,2019-11-15T15.42.57.799,17.233,-26.951,36.890,6.220
1573803777807,2019-11-15T15.42.57.807,17.241,-30.732,32.744,7.256
1573803777818,2019-11-15T15.42.57.818,17.252,-31.768,27.073,7.256
1573803777828,2019-11-15T15.42.57.828,17.262,-31.280,26.402,8.232
1573803777838,2019-11-15T15.42.57.838,17.272,-31.341,32.805,10.183
1573803777848,2019-11-15T15.42.57.848,17.282,-30.183,42.134,9.024
1573803777859,2019-11-15T15.42.57.859,17.293,-27.256,44.268,5.122
1573803777869,2019-11-15T15.42.57.869,17.303,-21.463,37.988,-0.122
1573803777879,2019-11-15T15.42.57.879,17.313,-15.000,24.573,-8.354
1573803777889,2019-11-15T15.42.57.889,17.323,-8.720,5.305,-17.317
1573803777900,2019-11-15T15.42.57.900,17.334,-2.012,-16.098,-20.061
1573803777908,2019-11-15T15.42.57.908,17.342,5.915,-35.793,-17.256
1573803777919,2019-11-15T15.42.57.919,17.353,10.549,-45.976,-15.610
1573803777929,2019-11-15T15.42.57.929,17.363,10.732,-44.451,-15.732
1573803777939,2019-11-15T15.42.57.939,17.373,9.207,-40.061,-15.000
1573803777949,2019-11-15T15.42.57.949,17.383,7.195,-38.780,-12.012
1573803777960,2019-11-15T15.42.57.960,17.394,3.902,-37.012,-6.463
1573803777970,2019-11-15T15.42.57.970,17.404,-1.220,-30.549,0.793
1573803777980,2019-11-15T15.42.57.980,17.414,-7.805,-17.317,11.890
1573803777990,2019-11-15T15.42.57.990,17.424,-15.793,-0.915,27.012
1573803778001,2019-11-15T15.42.58.001,17.435,-21.829,11.402,41.341
1573803778009,2019-11-15T15.42.58.009,17.443,-25.122,15.366,50.305
1573803778020,2019-11-15T15.42.58.020,17.454,-25.427,11.341,52.744
1573803778030,2019-11-15T15.42.58.030,17.464,-24.085,-0.671,49.329
1573803778040,2019-11-15T15.42.58.040,17.474,-20.427,-14.268,41.768
1573803778050,2019-11-15T15.42.58.050,17.484,-14.451,-22.317,31.341
1573803778061,2019-11-15T15.42.58.061,17.495,-8.598,-20.427,21.098
1573803778071,2019-11-15T15.42.58.071,17.505,-4.329,-8.659,15.305
1573803778081,2019-11-15T15.42.58.081,17.515,-1.524,5.671,13.598
1573803778092,2019-11-15T15.42.58.092,17.526,0.305,11.159,11.585
1573803778102,2019-11-15T15.42.58.102,17.536,1.646,5.305,10.732
1573803778111,2019-11-15T15.42.58.111,17.545,2.561,-7.195,13.232
1573803778121,2019-11-15T15.42.58.121,17.555,2.134,-16.890,15.427
1573803778131,2019-11-15T15.42.58.131,17.565,0.366,-17.073,14.756
1573803778141,2019-11-15T15.42.58.141,17.575,-3.171,-10.427,13.963
1573803778152,2019-11-15T15.42.58.152,17.586,-9.268,-0.671,14.634
1573803778162,2019-11-15T15.42.58.162,17.596,-15.366,10.183,14.268
1573803778172,2019-11-15T15.42.58.172,17.606,-20.000,18.354,12.500
1573803778182,2019-11-15T15.42.58.182,17.616,-21.585,20.549,9.634
1573803778193,2019-11-15T15.42.58.193,17.627,-21.159,17.561,5.366
1573803778203,2019-11-15T15.42.58.203,17.637,-17.256,11.098,0.793
1573803778213,2019-11-15T15.42.58.213,17.647,-11.707,3.415,-4.451
1573803778222,2019-11-15T15.42.58.222,17.656,-5.549,-3.780,-10.061
1573803778232,2019-11-15T15.42.58.232,17.666,1.341,-9.085,-15.732
1573803778242,2019-11-15T15.42.58.242,17.676,5.427,-11.159,-19.451
1573803778253,2019-11-15T15.42.58.253,17.687,5.427,-13.659,-20.061
1573803778263,2019-11-15T15.42.58.263,17.697,6.098,-16.829,-19.817
1573803778273,2019-11-15T15.42.58.273,17.707,8.659,-17.683,-21.829
1573803778283,2019-11-15T15.42.58.283,17.717,7.317,-16.463,-33.841
1573803778294,2019-11-15T15.42.58.294,17.728,4.207,-15.610,-33.110
1573803778304,2019-11-15T15.42.58.304,17.738,5.244,-22.866,-23.963
1573803778314,2019-11-15T15.42.58.314,17.748,1.829,-36.098,-20.305
1573803778323,2019-11-15T15.42.58.323,17.757,-2.256,-45.122,-13.720
1573803778333,2019-11-15T15.42.58.333,17.767,-4.939,-43.232,-6.280
1573803778343,2019-11-15T15.42.58.343,17.777,-7.378,-28.232,1.890
1573803778354,2019-11-15T15.42.58.354,17.788,-9.939,-4.207,11.280
1573803778364,2019-11-15T15.42.58.364,17.798,-12.317,20.732,22.683
1573803778374,2019-11-15T15.42.58.374,17.808,-13.780,39.817,32.378
1573803778384,2019-11-15T15.42.58.384,17.818,-13.598,46.159,36.585
1573803778395,2019-11-15T15.42.58.395,17.829,-11.768,37.683,35.000
1573803778405,2019-11-15T15.42.58.405,17.839,-7.744,18.780,27.805
1573803778415,2019-11-15T15.42.58.415,17.849,-1.890,-4.451,17.378
1573803778424,2019-11-15T15.42.58.424,17.858,4.756,-24.329,7.988
1573803778434,2019-11-15T15.42.58.434,17.868,12.073,-32.195,0.122
1573803778445,2019-11-15T15.42.58.445,17.879,16.220,-28.841,-7.805
1573803778455,2019-11-15T15.42.58.455,17.889,16.890,-19.695,-12.134
1573803778465,2019-11-15T15.42.58.465,17.899,15.305,-7.134,-11.280
1573803778475,2019-11-15T15.42.58.475,17.909,12.500,0.976,-5.427
1573803778486,2019-11-15T15.42.58.486,17.920,9.756,1.585,0.183
1573803778496,2019-11-15T15.42.58.496,17.930,7.561,-2.866,3.963
1573803778506,2019-11-15T15.42.58.506,17.940,4.939,-7.500,6.829
1573803778516,2019-11-15T15.42.58.516,17.950,1.951,-8.171,8.110
1573803778527,2019-11-15T15.42.58.527,17.961,-0.976,-3.963,7.317
1573803778535,2019-11-15T15.42.58.535,17.969,-2.195,2.988,5.000
1573803778546,2019-11-15T15.42.58.546,17.980,-1.829,11.098,2.744
1573803778556,2019-11-15T15.42.58.556,17.990,-2.378,17.134,3.049
1573803778566,2019-11-15T15.42.58.566,18.000,-1.890,17.439,4.634
1573803778576,2019-11-15T15.42.58.576,18.010,2.500,10.366,5.366
1573803778587,2019-11-15T15.42.58.587,18.021,7.439,-5.610,2.927
1573803778597,2019-11-15T15.42.58.597,18.031,15.366,-23.841,-3.476
1573803778607,2019-11-15T15.42.58.607,18.041,20.427,-32.012,-8.963
1573803778617,2019-11-15T15.42.58.617,18.051,18.171,-25.122,-10.488
1573803778628,2019-11-15T15.42.58.628,18.062,13.476,-10.976,-9.268
1573803778636,2019-11-15T15.42.58.636,18.070,9.634,-1.829,-7.073
1573803778647,2019-11-15T15.42.58.647,18.081,6.341,0.488,-4.451
1573803778657,2019-11-15T15.42.58.657,18.091,3.902,-2.012,-0.366
1573803778667,2019-11-15T15.42.58.667,18.101,1.890,-6.037,5.976
1573803778677,2019-11-15T15.42.58.677,18.111,-0.061,-6.951,13.902
1573803778688,2019-11-15T15.42.58.688,18.122,-1.768,-3.659,20.305
1573803778698,2019-11-15T15.42.58.698,18.132,-1.524,3.780,24.695
1573803778708,2019-11-15T15.42.58.708,18.142,-1.037,16.707,29.085
1573803778718,2019-11-15T15.42.58.718,18.152,-1.341,31.341,33.476
1573803778729,2019-11-15T15.42.58.729,18.163,-1.890,38.902,37.012
1573803778738,2019-11-15T15.42.58.738,18.172,-1.037,34.573,37.927
1573803778748,2019-11-15T15.42.58.748,18.182,2.134,21.890,33.720
1573803778758,2019-11-15T15.42.58.758,18.192,5.854,8.232,24.756
1573803778768,2019-11-15T15.42.58.768,18.202,7.927,1.951,15.488
1573803778779,2019-11-15T15.42.58.779,18.213,8.537,5.732,8.720
1573803778789,2019-11-15T15.42.58.789,18.223,8.659,14.451,3.415
1573803778799,2019-11-15T15.42.58.799,18.233,8.537,17.195,-0.976
1573803778809,2019-11-15T15.42.58.809,18.243,9.756,11.159,-3.780
1573803778820,2019-11-15T15.42.58.820,18.254,10.854,0.854,-4.878
1573803778830,2019-11-15T15.42.58.830,18.264,10.305,-6.585,-5.427
1573803778840,2019-11-15T15.42.58.840,18.274,7.927,-7.317,-5.427
1573803778849,2019-11-15T15.42.58.849,18.283,3.659,-3.720,-5.976
1573803778859,2019-11-15T15.42.58.859,18.293,-1.220,-0.610,-7.317
1573803778869,2019-11-15T15.42.58.869,18.303,-4.085,0.061,-10.061
1573803778880,2019-11-15T15.42.58.880,18.314,-5.549,-1.159,-14.024
1573803778890,2019-11-15T15.42.58.890,18.324,-7.927,-1.220,-15.732
1573803778900,2019-11-15T15.42.58.900,18.334,-10.366,0.732,-13.659
1573803778910,2019-11-15T15.42.58.910,18.344,-13.659,4.085,-9.634
1573803778921,2019-11-15T15.42.58.921,18.355,-17.622,7.988,-4.085
1573803778931,2019-11-15T15.42.58.931,18.365,-19.756,11.951,0.610
1573803778941,2019-11-15T15.42.58.941,18.375,-21.341,15.122,2.744
1573803778950,2019-11-15T15.42.58.950,18.384,-20.793,13.659,1.524
1573803778960,2019-11-15T15.42.58.960,18.394,-16.463,5.183,-2.500
1573803778970,2019-11-15T15.42.58.970,18.404,-10.732,-6.646,-6.768
1573803778981,2019-11-15T15.42.58.981,18.415,-5.305,-17.256,-7.805
1573803778991,2019-11-15T15.42.58.991,18.425,1.524,-23.902,-7.439
1573803779001,2019-11-15T15.42.59.001,18.435,6.951,-22.683,-10.183
1573803779011,2019-11-15T15.42.59.011,18.445,7.927,-20.122,-14.573
1573803779022,2019-11-15T15.42.59.022,18.456,7.134,-26.402,-17.683
1573803779032,2019-11-15T15.42.59.032,18.466,6.890,-42.927,-20.183
1573803779042,2019-11-15T15.42.59.042,18.476,5.488,-61.159,-19.512
1573803779051,2019-11-15T15.42.59.051,18.485,3.232,-71.707,-14.817
1573803779061,2019-11-15T15.42.59.061,18.495,2.134,-67.988,-10.183
1573803779071,2019-11-15T15.42.59.071,18.505,2.317,-49.024,-6.768
1573803779082,2019-11-15T15.42.59.082,18.516,2.317,-22.683,-3.476
1573803779092,2019-11-15T15.42.59.092,18.526,2.805,-4.146,0.610
1573803779102,2019-11-15T15.42.59.102,18.536,4.695,-1.829,5.305
1573803779113,2019-11-15T15.42.59.113,18.547,7.622,-14.634,11.159
1573803779123,2019-11-15T15.42.59.123,18.557,12.012,-31.585,17.378
1573803779133,2019-11-15T15.42.59.133,18.567,17.073,-40.000,20.793
1573803779143,2019-11-15T15.42.59.143,18.577,22.378,-33.110,18.537
1573803779154,2019-11-15T15.42.59.154,18.588,26.463,-13.841,11.951
1573803779162,2019-11-15T15.42.59.162,18.596,28.110,6.768,4.634
1573803779173,2019-11-15T15.42.59.173,18.607,28.963,17.500,-3.354
1573803779183,2019-11-15T15.42.59.183,18.617,31.098,16.159,-9.695
1573803779193,2019-11-15T15.42.59.193,18.627,32.317,4.878,-12.622
1573803779203,2019-11-15T15.42.59.203,18.637,30.610,-8.415,-10.244
1573803779214,2019-11-15T15.42.59.214,18.648,27.988,-13.963,-3.598
1573803779224,2019-11-15T15.42.59.224,18.658,22.561,-7.683,2.500
1573803779234,2019-11-15T15.42.59.234,18.668,14.512,7.805,7.134
1573803779244,2019-11-15T15.42.59.244,18.678,5.793,23.659,10.610
1573803779255,2019-11-15T15.42.59.255,18.689,-2.927,33.720,12.195
1573803779265,2019-11-15T15.42.59.265,18.699,-9.756,37.500,12.683
1573803779274,2019-11-15T15.42.59.274,18.708,-15.244,35.610,13.659
1573803779284,2019-11-15T15.42.59.284,18.718,-20.366,32.622,15.976
1573803779294,2019-11-15T15.42.59.294,18.728,-24.390,31.524,19.207
1573803779304,2019-11-15T15.42.59.304,18.738,-30.061,33.659,21.646
1573803779315,2019-11-15T15.42.59.315,18.749,-35.488,39.268,25.183
1573803779325,2019-11-15T15.42.59.325,18.759,-39.817,48.293,30.122
1573803779335,2019-11-15T15.42.59.335,18.769,-45.061,61.585,34.329
1573803779345,2019-11-15T15.42.59.345,18.779,-49.817,74.634,37.622
1573803779356,2019-11-15T15.42.59.356,18.790,-50.488,80.488,39.695
1573803779366,2019-11-15T15.42.59.366,18.800,-49.329,78.110,40.183
1573803779375,2019-11-15T15.42.59.375,18.809,-44.085,68.780,38.049
1573803779385,2019-11-15T15.42.59.385,18.819,-35.183,49.207,30.366
1573803779395,2019-11-15T15.42.59.395,18.829,-25.976,18.902,19.817
1573803779405,2019-11-15T15.42.59.405,18.839,-15.793,-14.817,11.585
1573803779416,2019-11-15T15.42.59.416,18.850,-9.573,-44.207,5.000
1573803779426,2019-11-15T15.42.59.426,18.860,-10.732,-65.793,1.585
1573803779436,2019-11-15T15.42.59.436,18.870,-12.073,-87.073,1.463
1573803779446,2019-11-15T15.42.59.446,18.880,-10.244,-103.780,2.195
1573803779457,2019-11-15T15.42.59.457,18.891,-6.341,-106.951,0.976
1573803779467,2019-11-15T15.42.59.467,18.901,-1.829,-98.049,1.585
1573803779476,2019-11-15T15.42.59.476,18.910,0.427,-88.232,11.646
1573803779486,2019-11-15T15.42.59.486,18.920,1.951,-83.720,31.220
1573803779496,2019-11-15T15.42.59.496,18.930,3.415,-88.841,52.256
1573803779507,2019-11-15T15.42.59.507,18.941,6.768,-98.720,70.793
1573803779517,2019-11-15T15.42.59.517,18.951,12.988,-102.866,85.305
1573803779527,2019-11-15T15.42.59.527,18.961,18.171,-97.561,93.049
1573803779537,2019-11-15T15.42.59.537,18.971,22.317,-82.195,93.659
1573803779548,2019-11-15T15.42.59.548,18.982,25.366,-60.549,90.976
1573803779558,2019-11-15T15.42.59.558,18.992,25.854,-39.939,89.329
1573803779568,2019-11-15T15.42.59.568,19.002,23.476,-22.622,90.366
1573803779578,2019-11-15T15.42.59.578,19.012,18.659,-5.793,94.329
1573803779587,2019-11-15T15.42.59.587,19.021,13.049,9.817,97.866
1573803779597,2019-11-15T15.42.59.597,19.031,6.585,16.098,96.707
1573803779608,2019-11-15T15.42.59.608,19.042,-0.793,10.244,92.195
1573803779618,2019-11-15T15.42.59.618,19.052,-6.829,-2.134,86.646
1573803779628,2019-11-15T15.42.59.628,19.062,-12.317,-13.963,81.098
1573803779638,2019-11-15T15.42.59.638,19.072,-22.439,-23.720,74.878
1573803779649,2019-11-15T15.42.59.649,19.083,-34.329,-27.500,70.122
1573803779659,2019-11-15T15.42.59.659,19.093,-44.695,-21.646,70.244
1573803779669,2019-11-15T15.42.59.669,19.103,-49.817,-5.244,74.085
1573803779679,2019-11-15T15.42.59.679,19.113,-47.744,25.366,79.695
1573803779688,2019-11-15T15.42.59.688,19.122,-40.732,69.390,76.280
1573803779698,2019-11-15T15.42.59.698,19.132,-25.610,116.951,53.476
1573803779709,2019-11-15T15.42.59.709,19.143,5.366,147.012,17.927
1573803779719,2019-11-15T15.42.59.719,19.153,50.061,133.841,-29.634
1573803779729,2019-11-15T15.42.59.729,19.163,103.720,78.110,-86.402
1573803779739,2019-11-15T15.42.59.739,19.173,152.988,14.573,-138.415
1573803779750,2019-11-15T15.42.59.750,19.184,187.134,-24.207,-174.695
1573803779760,2019-11-15T15.42.59.760,19.194,208.476,-29.268,-192.073
1573803779770,2019-11-15T15.42.59.770,19.204,223.902,1.098,-203.110
1573803779780,2019-11-15T15.42.59.780,19.214,236.890,42.561,-219.939
1573803779791,2019-11-15T15.42.59.791,19.225,248.537,52.195,-239.451
1573803779800,2019-11-15T15.42.59.800,19.234,258.598,10.427,-257.439
1573803779810,2019-11-15T15.42.59.810,19.244,264.024,-58.841,-276.829
1573803779820,2019-11-15T15.42.59.820,19.254,267.744,-121.037,-302.622
1573803779830,2019-11-15T15.42.59.830,19.264,276.646,-163.902,-316.707
1573803779841,2019-11-15T15.42.59.841,19.275,285.854,-209.268,-307.988
1573803779851,2019-11-15T15.42.59.851,19.285,292.256,-274.085,-292.683
1573803779861,2019-11-15T15.42.59.861,19.295,296.707,-350.183,-266.037
1573803779871,2019-11-15T15.42.59.871,19.305,292.073,-410.122,-224.390
1573803779882,2019-11-15T15.42.59.882,19.316,281.220,-416.829,-170.305
1573803779892,2019-11-15T15.42.59.892,19.326,273.415,-363.293,-84.573
1573803779901,2019-11-15T15.42.59.901,19.335,267.134,-292.073,28.841
1573803779911,2019-11-15T15.42.59.911,19.345,264.695,-226.890,148.720
1573803779921,2019-11-15T15.42.59.921,19.355,265.549,-221.524,252.805
1573803779931,2019-11-15T15.42.59.931,19.365,278.537,-269.573,337.622
1573803779942,2019-11-15T15.42.59.942,19.376,303.841,-317.561,439.939
1573803779952,2019-11-15T15.42.59.952,19.386,317.317,-368.902,577.866
1573803779962,2019-11-15T15.42.59.962,19.396,262.012,-535.549,719.024
1573803779972,2019-11-15T15.42.59.972,19.406,332.012,-459.390,669.512
1573803779983,2019-11-15T15.42.59.983,19.417,161.890,115.732,419.451
1573803779993,2019-11-15T15.42.59.993,19.427,-160.976,666.098,268.049
1573803780002,2019-11-15T15.43.00.002,19.436,-119.939,895.549,24.329
1573803780012,2019-11-15T15.43.00.012,19.446,-105.366,1059.878,-344.024
1573803780022,2019-11-15T15.43.00.022,19.456,-172.988,1033.476,-557.317
1573803780032,2019-11-15T15.43.00.032,19.466,-129.451,705.976,-588.720
1573803780043,2019-11-15T15.43.00.043,19.477,44.939,197.012,-442.012
1573803780053,2019-11-15T15.43.00.053,19.487,94.146,-101.280,-366.220
1573803780063,2019-11-15T15.43.00.063,19.497,7.256,-45.000,-362.195
1573803780073,2019-11-15T15.43.00.073,19.507,-76.890,189.207,-333.293
1573803780084,2019-11-15T15.43.00.084,19.518,-139.329,446.890,-265.366
1573803780094,2019-11-15T15.43.00.094,19.528,-201.524,632.134,-176.646
1573803780104,2019-11-15T15.43.00.104,19.538,-252.683,672.073,-170.976
1573803780113,2019-11-15T15.43.00.113,19.547,-220.488,526.646,-177.683
1573803780123,2019-11-15T15.43.00.123,19.557,-145.549,262.988,-114.329
1573803780133,2019-11-15T15.43.00.133,19.567,-114.390,31.768,-54.756
1573803780144,2019-11-15T15.43.00.144,19.578,-121.098,-31.585,-64.695
1573803780154,2019-11-15T15.43.00.154,19.588,-125.427,11.585,-78.049
1573803780164,2019-11-15T15.43.00.164,19.598,-130.549,67.866,-53.354
1573803780175,2019-11-15T15.43.00.175,19.609,-124.024,91.220,-30.549
1573803780185,2019-11-15T15.43.00.185,19.619,-104.634,67.012,-30.061
1573803780195,2019-11-15T15.43.00.195,19.629,-97.073,23.171,-31.524
1573803780205,2019-11-15T15.43.00.205,19.639,-94.573,-18.659,-30.488
1573803780214,2019-11-15T15.43.00.214,19.648,-87.561,-54.207,-34.939
1573803780224,2019-11-15T15.43.00.224,19.658,-81.280,-87.561,-37.012
1573803780235,2019-11-15T15.43.00.235,19.669,-73.476,-99.268,-32.378
1573803780245,2019-11-15T15.43.00.245,19.679,-65.793,-75.915,-30.305
1573803780255,2019-11-15T15.43.00.255,19.689,-63.171,-36.768,-24.451
1573803780265,2019-11-15T15.43.00.265,19.699,-60.366,-3.293,-12.195
1573803780276,2019-11-15T15.43.00.276,19.710,-55.854,10.305,-3.415
1573803780286,2019-11-15T15.43.00.286,19.720,-51.159,-3.537,5.061
1573803780296,2019-11-15T15.43.00.296,19.730,-45.488,-29.512,16.890
1573803780306,2019-11-15T15.43.00.306,19.740,-40.549,-56.524,26.402
1573803780317,2019-11-15T15.43.00.317,19.751,-36.098,-66.463,28.598
1573803780325,2019-11-15T15.43.00.325,19.759,-34.085,-53.049,27.805
1573803780336,2019-11-15T15.43.00.336,19.770,-32.195,-29.451,28.720
1573803780346,2019-11-15T15.43.00.346,19.780,-27.805,-8.110,30.000
1573803780356,2019-11-15T15.43.00.356,19.790,-23.963,7.866,28.963
1573803780366,2019-11-15T15.43.00.366,19.800,-18.720,15.061,24.939
1573803780377,2019-11-15T15.43.00.377,19.811,-10.183,10.488,20.427
1573803780387,2019-11-15T15.43.00.387,19.821,-0.793,-0.732,14.329
1573803780397,2019-11-15T15.43.00.397,19.831,8.537,-12.744,3.415
1573803780407,2019-11-15T15.43.00.407,19.841,16.098,-22.683,-7.561
1573803780418,2019-11-15T15.43.00.418,19.852,24.207,-27.744,-15.305
1573803780426,2019-11-15T15.43.00.426,19.860,33.110,-25.732,-24.085
1573803780437,2019-11-15T15.43.00.437,19.871,38.476,-15.183,-31.098
1573803780447,2019-11-15T15.43.00.447,19.881,42.988,-7.500,-32.378
1573803780457,2019-11-15T15.43.00.457,19.891,47.683,-14.085,-31.098
1573803780467,2019-11-15T15.43.00.467,19.901,50.976,-32.805,-29.329
1573803780478,2019-11-15T15.43.00.478,19.912,50.244,-54.695,-27.195
1573803780488,2019-11-15T15.43.00.488,19.922,47.256,-73.963,-20.183
1573803780498,2019-11-15T15.43.00.498,19.932,46.951,-89.146,-5.183
1573803780508,2019-11-15T15.43.00.508,19.942,48.720,-91.829,12.134
1573803780519,2019-11-15T15.43.00.519,19.953,48.049,-81.646,26.341
1573803780529,2019-11-15T15.43.00.529,19.963,46.463,-67.561,40.732
1573803780538,2019-11-15T15.43.00.538,19.972,45.610,-52.256,56.220
1573803780548,2019-11-15T15.43.00.548,19.982,42.439,-31.341,67.500
1573803780558,2019-11-15T15.43.00.558,19.992,36.768,-15.488,76.037
1573803780569,2019-11-15T15.43.00.569,20.003,32.683,-16.159,85.183
1573803780579,2019-11-15T15.43.00.579,20.013,32.073,-28.902,91.829
1573803780589,2019-11-15T15.43.00.589,20.023,31.341,-44.085,96.280
1573803780599,2019-11-15T15.43.00.599,20.033,26.341,-47.561,100.000
1573803780610,2019-11-15T15.43.00.610,20.044,15.671,-26.280,103.537
1573803780620,2019-11-15T15.43.00.620,20.054,1.280,10.671,108.902
1573803780630,2019-11-15T15.43.00.630,20.064,-14.085,46.951,112.500
1573803780639,2019-11-15T15.43.00.639,20.073,-30.122,67.622,112.317
1573803780649,2019-11-15T15.43.00.649,20.083,-43.902,75.244,107.073
1573803780659,2019-11-15T15.43.00.659,20.093,-55.305,68.171,102.134
1573803780670,2019-11-15T15.43.00.670,20.104,-65.671,51.768,94.695
1573803780680,2019-11-15T15.43.00.680,20.114,-71.646,32.134,81.829
1573803780690,2019-11-15T15.43.00.690,20.124,-75.915,-0.061,63.293
1573803780700,2019-11-15T15.43.00.700,20.134,-84.695,-34.451,38.049
1573803780711,2019-11-15T15.43.00.711,20.145,-95.915,-52.073,13.232
1573803780721,2019-11-15T15.43.00.721,20.155,-97.317,-55.061,-5.366
1573803780731,2019-11-15T15.43.00.731,20.165,-97.683,-33.841,-4.756
1573803780741,2019-11-15T15.43.00.741,20.175,-105.488,14.207,10.610
1573803780750,2019-11-15T15.43.00.750,20.184,-116.341,53.171,19.573
1573803780760,2019-11-15T15.43.00.760,20.194,-117.378,50.061,15.549
1573803780771,2019-11-15T15.43.00.771,20.205,-105.671,14.878,13.049
1573803780781,2019-11-15T15.43.00.781,20.215,-89.329,-19.268,9.207
1573803780791,2019-11-15T15.43.00.791,20.225,-73.232,-38.963,-6.524
1573803780801,2019-11-15T15.43.00.801,20.235,-55.915,-47.744,-28.780
1573803780812,2019-11-15T15.43.00.812,20.246,-40.000,-47.378,-48.293
1573803780822,2019-11-15T15.43.00.822,20.256,-28.841,-38.293,-56.829
1573803780832,2019-11-15T15.43.00.832,20.266,-22.012,-21.037,-55.671
1573803780842,2019-11-15T15.43.00.842,20.276,-13.963,-3.171,-51.951
1573803780851,2019-11-15T15.43.00.851,20.285,-3.232,8.415,-49.634
1573803780862,2019-11-15T15.43.00.862,20.296,5.732,15.671,-47.988
1573803780872,2019-11-15T15.43.00.872,20.306,13.659,16.890,-47.500
1573803780882,2019-11-15T15.43.00.882,20.316,19.817,11.280,-46.463
1573803780892,2019-11-15T15.43.00.892,20.326,22.561,8.110,-44.024
1573803780903,2019-11-15T15.43.00.903,20.337,21.463,12.256,-37.805
1573803780913,2019-11-15T15.43.00.913,20.347,17.988,20.488,-28.537
1573803780923,2019-11-15T15.43.00.923,20.357,15.000,31.037,-21.524
1573803780933,2019-11-15T15.43.00.933,20.367,13.902,40.732,-16.402
1573803780944,2019-11-15T15.43.00.944,20.378,12.988,46.524,-11.402
1573803780952,2019-11-15T15.43.00.952,20.386,11.890,50.183,-7.317
1573803780963,2019-11-15T15.43.00.963,20.397,10.610,49.939,-4.268
1573803780973,2019-11-15T15.43.00.973,20.407,9.939,43.232,-2.073
1573803780983,2019-11-15T15.43.00.983,20.417,10.793,28.232,-0.671
1573803780993,2019-11-15T15.43.00.993,20.427,12.378,10.549,-0.610
1573803781004,2019-11-15T15.43.01.004,20.438,13.720,-3.659,-1.159
1573803781014,2019-11-15T15.43.01.014,20.448,13.659,-10.915,-0.122
1573803781024,2019-11-15T15.43.01.024,20.458,11.159,-7.866,3.720
1573803781034,2019-11-15T15.43.01.034,20.468,7.805,2.744,8.293
1573803781045,2019-11-15T15.43.01.045,20.479,5.000,13.780,12.561
1573803781055,2019-11-15T15.43.01.055,20.489,2.805,19.756,15.244
1573803781064,2019-11-15T15.43.01.064,20.498,1.829,18.841,15.244
1573803781074,2019-11-15T15.43.01.074,20.508,1.524,10.305,14.451
1573803781084,2019-11-15T15.43.01.084,20.518,0.000,-2.805,14.939
1573803781094,2019-11-15T15.43.01.094,20.528,-3.232,-18.902,17.683
1573803781105,2019-11-15T15.43.01.105,20.539,-6.098,-34.573,22.256
1573803781115,2019-11-15T15.43.01.115,20.549,-8.049,-45.976,25.366
1573803781125,2019-11-15T15.43.01.125,20.559,-8.293,-48.963,25.854
1573803781135,2019-11-15T15.43.01.135,20.569,-6.463,-42.439,22.988
1573803781146,2019-11-15T15.43.01.146,20.580,-4.207,-29.451,17.134
1573803781156,2019-11-15T15.43.01.156,20.590,-2.073,-18.598,10.671
1573803781165,2019-11-15T15.43.01.165,20.599,0.061,-20.915,4.878
1573803781175,2019-11-15T15.43.01.175,20.609,3.049,-38.232,0.061
1573803781185,2019-11-15T15.43.01.185,20.619,6.159,-61.585,-3.659
1573803781196,2019-11-15T15.43.01.196,20.630,7.073,-79.817,-6.037
1573803781206,2019-11-15T15.43.01.206,20.640,6.463,-89.573,-6.098
1573803781216,2019-11-15T15.43.01.216,20.650,6.098,-90.976,-4.207
1573803781226,2019-11-15T15.43.01.226,20.660,7.256,-83.110,-2.195
1573803781237,2019-11-15T15.43.01.237,20.671,8.171,-65.366,0.854
1573803781247,2019-11-15T15.43.01.247,20.681,7.988,-42.073,5.732
1573803781257,2019-11-15T15.43.01.257,20.691,7.683,-23.354,12.073
1573803781267,2019-11-15T15.43.01.267,20.701,8.902,-18.598,17.927
1573803781276,2019-11-15T15.43.01.276,20.710,11.402,-24.756,22.988
1573803781286,2019-11-15T15.43.01.286,20.720,13.110,-28.659,28.476
1573803781297,2019-11-15T15.43.01.297,20.731,13.354,-24.634,35.610
1573803781307,2019-11-15T15.43.01.307,20.741,13.415,-14.024,44.146
1573803781317,2019-11-15T15.43.01.317,20.751,13.659,1.341,52.988
1573803781327,2019-11-15T15.43.01.327,20.761,13.293,18.963,61.037
1573803781338,2019-11-15T15.43.01.338,20.772,11.890,35.549,68.902
1573803781348,2019-11-15T15.43.01.348,20.782,11.646,50.549,76.768
1573803781358,2019-11-15T15.43.01.358,20.792,13.171,65.183,82.744
1573803781368,2019-11-15T15.43.01.368,20.802,13.902,77.073,87.134
1573803781377,2019-11-15T15.43.01.377,20.811,13.110,84.390,92.012
1573803781387,2019-11-15T15.43.01.387,20.821,12.622,87.317,97.439
1573803781398,2019-11-15T15.43.01.398,20.832,12.622,88.293,103.171
1573803781408,2019-11-15T15.43.01.408,20.842,12.805,83.415,109.878
1573803781418,2019-11-15T15.43.01.418,20.852,14.146,68.720,117.195
1573803781428,2019-11-15T15.43.01.428,20.862,19.512,51.159,121.341
1573803781439,2019-11-15T15.43.01.439,20.873,25.915,39.268,120.000
1573803781449,2019-11-15T15.43.01.449,20.883,28.354,34.207,116.829
1573803781459,2019-11-15T15.43.01.459,20.893,30.061,38.720,117.012
1573803781469,2019-11-15T15.43.01.469,20.903,30.915,51.829,121.463
1573803781480,2019-11-15T15.43.01.480,20.914,28.476,58.110,128.415
1573803781488,2019-11-15T15.43.01.488,20.922,28.963,48.171,140.610
1573803781499,2019-11-15T15.43.01.499,20.933,32.866,20.610,156.707
1573803781509,2019-11-15T15.43.01.509,20.943,36.098,-22.073,170.488
1573803781519,2019-11-15T15.43.01.519,20.953,44.573,-73.902,180.854
1573803781529,2019-11-15T15.43.01.529,20.963,58.232,-125.122,183.415
1573803781540,2019-11-15T15.43.01.540,20.974,70.976,-167.866,175.610
1573803781550,2019-11-15T15.43.01.550,20.984,81.524,-196.159,165.610
1573803781560,2019-11-15T15.43.01.560,20.994,90.061,-208.415,157.073
1573803781571,2019-11-15T15.43.01.571,21.005,97.134,-206.829,150.366
1573803781581,2019-11-15T15.43.01.581,21.015,101.402,-198.902,148.232
1573803781590,2019-11-15T15.43.01.590,21.024,104.512,-186.220,149.939
1573803781600,2019-11-15T15.43.01.600,21.034,108.476,-167.012,154.390
1573803781610,2019-11-15T15.43.01.610,21.044,111.951,-143.963,160.427
1573803781620,2019-11-15T15.43.01.620,21.054,115.183,-125.488,165.000
1573803781631,2019-11-15T15.43.01.631,21.065,119.756,-112.561,167.561
1573803781641,2019-11-15T15.43.01.641,21.075,124.939,-103.110,171.280
1573803781651,2019-11-15T15.43.01.651,21.085,128.902,-95.915,176.646
1573803781661,2019-11-15T15.43.01.661,21.095,130.976,-90.061,181.037
1573803781672,2019-11-15T15.43.01.672,21.106,132.500,-86.890,184.695
1573803781682,2019-11-15T15.43.01.682,21.116,134.390,-87.500,187.073
1573803781692,2019-11-15T15.43.01.692,21.126,135.976,-91.280,187.744
1573803781701,2019-11-15T15.43.01.701,21.135,135.427,-95.061,186.159
1573803781711,2019-11-15T15.43.01.711,21.145,133.049,-94.512,185.610
1573803781721,2019-11-15T15.43.01.721,21.155,129.878,-87.134,186.037
1573803781732,2019-11-15T15.43.01.732,21.166,124.146,-75.122,186.037
1573803781742,2019-11-15T15.43.01.742,21.176,115.122,-63.598,187.683
1573803781752,2019-11-15T15.43.01.752,21.186,105.244,-54.146,190.793
1573803781762,2019-11-15T15.43.01.762,21.196,94.268,-45.183,192.866
1573803781773,2019-11-15T15.43.01.773,21.207,81.646,-38.902,193.963
1573803781783,2019-11-15T15.43.01.783,21.217,70.671,-37.012,196.707
1573803781793,2019-11-15T15.43.01.793,21.227,59.817,-39.085,201.098
1573803781802,2019-11-15T15.43.01.802,21.236,50.732,-36.951,204.146
1573803781812,2019-11-15T15.43.01.812,21.246,44.573,-24.695,206.890
1573803781822,2019-11-15T15.43.01.822,21.256,38.049,-3.293,211.646
1573803781833,2019-11-15T15.43.01.833,21.267,31.037,29.817,219.085
1573803781843,2019-11-15T15.43.01.843,21.277,23.902,72.317,227.561
1573803781853,2019-11-15T15.43.01.853,21.287,16.159,108.659,235.366
1573803781863,2019-11-15T15.43.01.863,21.297,13.415,128.598,244.390
1573803781874,2019-11-15T15.43.01.874,21.308,18.415,137.073,253.476
1573803781884,2019-11-15T15.43.01.884,21.318,28.598,142.561,258.293
1573803781894,2019-11-15T15.43.01.894,21.328,38.780,147.988,262.500
1573803781903,2019-11-15T15.43.01.903,21.337,48.232,158.841,272.134
1573803781913,2019-11-15T15.43.01.913,21.347,57.378,178.354,283.963
1573803781924,2019-11-15T15.43.01.924,21.358,67.683,204.939,292.500
1573803781934,2019-11-15T15.43.01.934,21.368,77.805,233.476,290.305
1573803781944,2019-11-15T15.43.01.944,21.378,79.634,255.061,267.683
1573803781954,2019-11-15T15.43.01.954,21.388,80.915,256.646,257.683
1573803781965,2019-11-15T15.43.01.965,21.399,80.488,225.671,245.854
1573803781975,2019-11-15T15.43.01.975,21.409,89.695,173.902,223.780
1573803781985,2019-11-15T15.43.01.985,21.419,100.366,109.268,198.171
1573803781995,2019-11-15T15.43.01.995,21.429,109.268,41.159,167.866
1573803782006,2019-11-15T15.43.02.006,21.440,117.134,-15.732,133.720
1573803782014,2019-11-15T15.43.02.014,21.448,122.744,-54.817,100.732
1573803782025,2019-11-15T15.43.02.025,21.459,125.061,-79.207,68.963
1573803782035,2019-11-15T15.43.02.035,21.469,128.415,-90.732,39.451
1573803782045,2019-11-15T15.43.02.045,21.479,123.659,-98.902,9.512
1573803782055,2019-11-15T15.43.02.055,21.489,114.939,-113.049,-23.780
1573803782066,2019-11-15T15.43.02.066,21.500,112.378,-117.683,-57.500
1573803782076,2019-11-15T15.43.02.076,21.510,111.402,-103.780,-81.463
1573803782086,2019-11-15T15.43.02.086,21.520,106.220,-74.268,-98.049
1573803782096,2019-11-15T15.43.02.096,21.530,98.049,-35.427,-111.707
1573803782107,2019-11-15T15.43.02.107,21.541,90.183,-0.549,-119.756
1573803782115,2019-11-15T15.43.02.115,21.549,87.134,23.049,-120.366
1573803782126,2019-11-15T15.43.02.126,21.560,86.890,36.585,-115.366
1573803782136,2019-11-15T15.43.02.136,21.570,87.805,46.402,-111.585
1573803782146,2019-11-15T15.43.02.146,21.580,85.976,52.500,-110.732
1573803782156,2019-11-15T15.43.02.156,21.590,77.744,51.951,-107.134
1573803782167,2019-11-15T15.43.02.167,21.601,76.951,41.707,-96.707
1573803782177,2019-11-15T15.43.02.177,21.611,79.878,18.415,-86.890
1573803782187,2019-11-15T15.43.02.187,21.621,81.159,-12.073,-79.085
1573803782197,2019-11-15T15.43.02.197,21.631,82.927,-49.939,-65.915
1573803782208,2019-11-15T15.43.02.208,21.642,86.402,-92.683,-51.402
1573803782217,2019-11-15T15.43.02.217,21.651,91.707,-133.476,-41.341
1573803782227,2019-11-15T15.43.02.227,21.661,91.951,-168.537,-33.598
1573803782237,2019-11-15T15.43.02.237,21.671,87.805,-195.915,-26.037
1573803782247,2019-11-15T15.43.02.247,21.681,82.439,-220.671,-18.476
1573803782258,2019-11-15T15.43.02.258,21.692,81.829,-243.841,-14.207
1573803782268,2019-11-15T15.43.02.268,21.702,82.012,-251.707,-14.512
1573803782278,2019-11-15T15.43.02.278,21.712,71.098,-228.110,-17.561
1573803782288,2019-11-15T15.43.02.288,21.722,51.707,-176.768,-17.195
1573803782299,2019-11-15T15.43.02.299,21.733,23.902,-114.329,-8.110
1573803782309,2019-11-15T15.43.02.309,21.743,1.646,-76.280,-5.061
1573803782319,2019-11-15T15.43.02.319,21.753,-3.171,-77.500,-6.159
1573803782328,2019-11-15T15.43.02.328,21.762,1.098,-97.988,-4.695
1573803782338,2019-11-15T15.43.02.338,21.772,0.244,-110.122,0.427
1573803782348,2019-11-15T15.43.02.348,21.782,-5.854,-103.537,0.427
1573803782359,2019-11-15T15.43.02.359,21.793,-14.451,-83.415,-2.256
1573803782369,2019-11-15T15.43.02.369,21.803,-23.841,-59.024,-4.085
1573803782379,2019-11-15T15.43.02.379,21.813,-31.402,-39.390,-7.622
1573803782389,2019-11-15T15.43.02.389,21.823,-35.732,-27.683,-12.866
1573803782400,2019-11-15T15.43.02.400,21.834,-36.829,-22.622,-17.134
1573803782410,2019-11-15T15.43.02.410,21.844,-36.280,-19.695,-18.841
1573803782420,2019-11-15T15.43.02.420,21.854,-36.220,-15.366,-18.902
1573803782429,2019-11-15T15.43.02.429,21.863,-37.256,-10.000,-18.415
1573803782439,2019-11-15T15.43.02.439,21.873,-39.817,-6.220,-17.561
1573803782449,2019-11-15T15.43.02.449,21.883,-41.524,-6.280,-16.951
1573803782460,2019-11-15T15.43.02.460,21.894,-41.585,-10.244,-16.646
1573803782470,2019-11-15T15.43.02.470,21.904,-41.037,-16.890,-16.463
1573803782480,2019-11-15T15.43.02.480,21.914,-39.146,-22.683,-15.305
1573803782490,2019-11-15T15.43.02.490,21.924,-37.317,-25.183,-13.232
1573803782501,2019-11-15T15.43.02.501,21.935,-36.768,-24.329,-10.732
1573803782511,2019-11-15T15.43.02.511,21.945,-36.829,-21.768,-7.805
1573803782521,2019-11-15T15.43.02.521,21.955,-36.890,-18.232,-4.512
1573803782531,2019-11-15T15.43.02.531,21.965,-36.280,-14.146,-1.646
1573803782540,2019-11-15T15.43.02.540,21.974,-35.305,-8.841,0.061
1573803782550,2019-11-15T15.43.02.550,21.984,-34.695,-1.829,0.671
1573803782561,2019-11-15T15.43.02.561,21.995,-34.207,7.134,1.220
1573803782571,2019-11-15T15.43.02.571,22.005,-33.598,17.256,1.829
1573803782581,2019-11-15T15.43.02.581,22.015,-32.744,27.134,1.951
1573803782592,2019-11-15T15.43.02.592,22.026,-31.402,35.305,1.159
1573803782602,2019-11-15T15.43.02.602,22.036,-29.329,40.610,0.000
1573803782612,2019-11-15T15.43.02.612,22.046,-26.707,43.171,-1.098
1573803782622,2019-11-15T15.43.02.622,22.056,-23.659,43.354,-1.463
1573803782633,2019-11-15T15.43.02.633,22.067,-20.122,41.890,-1.524
1573803782641,2019-11-15T15.43.02.641,22.075,-16.341,39.146,-1.524
1573803782652,2019-11-15T15.43.02.652,22.086,-12.744,34.878,-1.707
1573803782662,2019-11-15T15.43.02.662,22.096,-8.902,29.573,-1.890
1573803782672,2019-11-15T15.43.02.672,22.106,-4.756,23.720,-2.012
1573803782682,2019-11-15T15.43.02.682,22.116,-0.793,17.622,-2.378
1573803782693,2019-11-15T15.43.02.693,22.127,3.049,11.646,-2.927
1573803782703,2019-11-15T15.43.02.703,22.137,6.402,5.793,-3.598
1573803782713,2019-11-15T15.43.02.713,22.147,9.695,0.732,-4.512
1573803782723,2019-11-15T15.43.02.723,22.157,13.293,-3.415,-5.732
1573803782734,2019-11-15T15.43.02.734,22.168,16.707,-6.524,-6.951
1573803782744,2019-11-15T15.43.02.744,22.178,20.122,-8.110,-8.293
1573803782753,2019-11-15T15.43.02.753,22.187,23.537,-8.537,-9.634
1573803782763,2019-11-15T15.43.02.763,22.197,27.378,-8.293,-10.793
1573803782773,2019-11-15T15.43.02.773,22.207,30.793,-7.439,-11.951
1573803782783,2019-11-15T15.43.02.783,22.217,33.659,-6.402,-13.049
1573803782794,2019-11-15T15.43.02.794,22.228,36.829,-5.122,-14.207
1573803782804,2019-11-15T15.43.02.804,22.238,41.159,-3.598,-15.183
1573803782814,2019-11-15T15.43.02.814,22.248,45.915,-0.549,-15.793
1573803782824,2019-11-15T15.43.02.824,22.258,50.000,-0.122,-15.793
1573803782835,2019-11-15T15.43.02.835,22.269,50.976,-9.146,-14.939
1573803782845,2019-11-15T15.43.02.845,22.279,50.000,-27.500,-14.695
1573803782854,2019-11-15T15.43.02.854,22.288,52.561,-43.963,-19.390
1573803782864,2019-11-15T15.43.02.864,22.298,54.146,-47.378,-27.561
1573803782874,2019-11-15T15.43.02.874,22.308,48.598,-33.049,-36.159
1573803782884,2019-11-15T15.43.02.884,22.318,41.159,-3.598,-45.488
1573803782895,2019-11-15T15.43.02.895,22.329,32.134,17.622,-56.829
1573803782905,2019-11-15T15.43.02.905,22.339,22.134,13.232,-71.463
1573803782915,2019-11-15T15.43.02.915,22.349,15.061,-5.671,-89.329
1573803782925,2019-11-15T15.43.02.925,22.359,13.476,-21.768,-115.183
1573803782936,2019-11-15T15.43.02.936,22.370,10.732,-20.549,-148.780
1573803782946,2019-11-15T15.43.02.946,22.380,-3.963,-1.037,-180.610
1573803782955,2019-11-15T15.43.02.955,22.389,-24.878,17.744,-206.220
1573803782965,2019-11-15T15.43.02.965,22.399,-37.744,23.841,-228.963
1573803782975,2019-11-15T15.43.02.975,22.409,-42.012,15.610,-254.817
1573803782986,2019-11-15T15.43.02.986,22.420,-44.146,2.805,-283.841
1573803782996,2019-11-15T15.43.02.996,22.430,-53.354,-11.159,-310.915
1573803783006,2019-11-15T15.43.03.006,22.440,-67.134,-30.366,-332.439
1573803783016,2019-11-15T15.43.03.016,22.450,-75.793,-53.598,-349.939
1573803783027,2019-11-15T15.43.03.027,22.461,-81.585,-73.902,-368.537
1573803783037,2019-11-15T15.43.03.037,22.471,-92.988,-85.122,-389.085
1573803783047,2019-11-15T15.43.03.047,22.481,-105.061,-88.049,-407.134
1573803783057,2019-11-15T15.43.03.057,22.491,-114.878,-86.280,-421.037
1573803783066,2019-11-15T15.43.03.066,22.500,-124.939,-88.049,-433.293
1573803783076,2019-11-15T15.43.03.076,22.510,-132.927,-101.098,-443.720
1573803783087,2019-11-15T15.43.03.087,22.521,-135.976,-122.378,-452.561
1573803783097,2019-11-15T15.43.03.097,22.531,-139.390,-143.293,-458.841
1573803783107,2019-11-15T15.43.03.107,22.541,-142.561,-153.537,-462.439
1573803783117,2019-11-15T15.43.03.117,22.551,-147.073,-155.122,-465.061
1573803783128,2019-11-15T15.43.03.128,22.562,-149.085,-153.537,-468.049
1573803783138,2019-11-15T15.43.03.138,22.572,-145.000,-156.280,-467.256
1573803783148,2019-11-15T15.43.03.148,22.582,-138.902,-163.780,-461.220
1573803783158,2019-11-15T15.43.03.158,22.592,-136.829,-173.537,-452.866
1573803783167,2019-11-15T15.43.03.167,22.601,-135.793,-179.512,-443.598
1573803783177,2019-11-15T15.43.03.177,22.611,-132.622,-185.427,-435.427
1573803783188,2019-11-15T15.43.03.188,22.622,-125.976,-188.780,-422.073
1573803783198,2019-11-15T15.43.03.198,22.632,-120.854,-185.732,-405.061
1573803783208,2019-11-15T15.43.03.208,22.642,-117.927,-177.439,-391.402
1573803783218,2019-11-15T15.43.03.218,22.652,-114.268,-168.354,-379.817
1573803783229,2019-11-15T15.43.03.229,22.663,-108.841,-157.988,-367.134
1573803783239,2019-11-15T15.43.03.239,22.673,-104.390,-143.537,-353.293
1573803783249,2019-11-15T15.43.03.249,22.683,-99.573,-126.402,-336.524
1573803783259,2019-11-15T15.43.03.259,22.693,-93.841,-103.963,-318.110
1573803783270,2019-11-15T15.43.03.270,22.704,-85.488,-76.341,-302.744
1573803783279,2019-11-15T15.43.03.279,22.713,-80.976,-61.463,-285.732
1573803783289,2019-11-15T15.43.03.289,22.723,-68.963,-61.707,-266.220
1573803783299,2019-11-15T15.43.03.299,22.733,-51.646,-61.037,-253.354
1573803783309,2019-11-15T15.43.03.309,22.743,-44.451,-50.305,-241.829
1573803783320,2019-11-15T15.43.03.320,22.754,-41.463,-34.268,-224.634
1573803783330,2019-11-15T15.43.03.330,22.764,-37.195,-20.915,-206.585
1573803783340,2019-11-15T15.43.03.340,22.774,-32.927,-17.683,-189.268
1573803783350,2019-11-15T15.43.03.350,22.784,-25.000,-23.049,-172.012
1573803783361,2019-11-15T15.43.03.361,22.795,-16.037,-25.305,-157.927
1573803783371,2019-11-15T15.43.03.371,22.805,-12.622,-18.902,-146.585
1573803783380,2019-11-15T15.43.03.380,22.814,-12.561,-7.927,-135.305
1573803783390,2019-11-15T15.43.03.390,22.824,-11.463,-0.183,-125.244
1573803783400,2019-11-15T15.43.03.400,22.834,-9.146,3.780,-116.220
1573803783410,2019-11-15T15.43.03.410,22.844,-8.780,3.720,-103.902
1573803783421,2019-11-15T15.43.03.421,22.855,-9.146,1.890,-90.000
1573803783431,2019-11-15T15.43.03.431,22.865,-9.268,-4.817,-78.963
1573803783441,2019-11-15T15.43.03.441,22.875,-8.415,-11.829,-69.207
1573803783451,2019-11-15T15.43.03.451,22.885,-6.341,-14.939,-61.280
1573803783462,2019-11-15T15.43.03.462,22.896,-6.280,-14.146,-56.951
1573803783472,2019-11-15T15.43.03.472,22.906,-8.598,-12.134,-52.500
1573803783481,2019-11-15T15.43.03.481,22.915,-9.939,-12.927,-45.915
1573803783491,2019-11-15T15.43.03.491,22.925,-9.695,-13.354,-39.878
1573803783501,2019-11-15T15.43.03.501,22.935,-10.854,-11.951,-36.341
1573803783511,2019-11-15T15.43.03.511,22.945,-11.646,-10.854,-33.780
1573803783522,2019-11-15T15.43.03.522,22.956,-11.524,-12.256,-29.512
1573803783532,2019-11-15T15.43.03.532,22.966,-12.073,-15.976,-26.890
1573803783542,2019-11-15T15.43.03.542,22.976,-12.439,-20.305,-25.488
1573803783552,2019-11-15T15.43.03.552,22.986,-12.866,-25.061,-22.988
1573803783563,2019-11-15T15.43.03.563,22.997,-11.768,-27.988,-20.000
1573803783573,2019-11-15T15.43.03.573,23.007,-10.122,-25.915,-19.634
1573803783583,2019-11-15T15.43.03.583,23.017,-10.671,-17.134,-19.512
1573803783592,2019-11-15T15.43.03.592,23.026,-12.683,-7.683,-18.232
1573803783602,2019-11-15T15.43.03.602,23.036,-12.378,-0.915,-16.159
1573803783613,2019-11-15T15.43.03.613,23.047,-10.427,1.890,-14.939
1573803783623,2019-11-15T15.43.03.623,23.057,-7.927,-0.793,-15.244
1573803783633,2019-11-15T15.43.03.633,23.067,-4.512,-3.171,-14.817
1573803783643,2019-11-15T15.43.03.643,23.077,-2.195,-5.488,-17.195
1573803783654,2019-11-15T15.43.03.654,23.088,-0.427,-8.232,-18.720
1573803783664,2019-11-15T15.43.03.664,23.098,-0.793,-14.634,-14.878
1573803783674,2019-11-15T15.43.03.674,23.108,0.305,-24.939,-11.280
1573803783684,2019-11-15T15.43.03.684,23.118,2.561,-34.939,-12.378
1573803783693,2019-11-15T15.43.03.693,23.127,2.866,-37.683,-12.744
1573803783703,2019-11-15T15.43.03.703,23.137,1.524,-31.646,-11.463
1573803783714,2019-11-15T15.43.03.714,23.148,0.366,-19.451,-12.195
1573803783724,2019-11-15T15.43.03.724,23.158,-1.524,-6.341,-12.439
1573803783734,2019-11-15T15.43.03.734,23.168,-2.256,6.463,-9.939
1573803783744,2019-11-15T15.43.03.744,23.178,-3.415,13.963,-7.012
1573803783755,2019-11-15T15.43.03.755,23.189,-2.988,10.610,-5.122
1573803783765,2019-11-15T15.43.03.765,23.199,0.305,-2.683,-4.085
1573803783775,2019-11-15T15.43.03.775,23.209,3.902,-21.341,-2.256
1573803783785,2019-11-15T15.43.03.785,23.219,8.659,-40.244,0.061
1573803783794,2019-11-15T15.43.03.794,23.228,14.207,-51.585,1.098
1573803783804,2019-11-15T15.43.03.804,23.238,14.817,-52.012,-2.744
1573803783815,2019-11-15T15.43.03.815,23.249,14.939,-43.598,-7.622
1573803783825,2019-11-15T15.43.03.825,23.259,14.512,-30.610,-9.573
1573803783835,2019-11-15T15.43.03.835,23.269,14.268,-17.927,-9.573
1573803783845,2019-11-15T15.43.03.845,23.279,12.012,-4.939,-11.829
1573803783856,2019-11-15T15.43.03.856,23.290,9.085,10.000,-15.000
1573803783866,2019-11-15T15.43.03.866,23.300,5.122,22.744,-13.415
1573803783876,2019-11-15T15.43.03.876,23.310,5.305,21.280,-10.671
1573803783886,2019-11-15T15.43.03.886,23.320,8.963,4.451,-11.159
1573803783897,2019-11-15T15.43.03.897,23.331,11.707,-12.317,-12.317
1573803783905,2019-11-15T15.43.03.905,23.339,7.378,-16.037,-12.134
1573803783916,2019-11-15T15.43.03.916,23.350,0.671,-10.549,-13.110
1573803783926,2019-11-15T15.43.03.926,23.360,-4.939,-7.378,-15.122
1573803783936,2019-11-15T15.43.03.936,23.370,-7.561,-5.854,-17.927
1573803783946,2019-11-15T15.43.03.946,23.380,-10.610,1.524,-21.220
1573803783957,2019-11-15T15.43.03.957,23.391,-12.744,1.768,-18.659
1573803783967,2019-11-15T15.43.03.967,23.401,-11.220,-10.732,-16.951
1573803783977,2019-11-15T15.43.03.977,23.411,-8.720,-26.585,-20.122
1573803783988,2019-11-15T15.43.03.988,23.422,-6.890,-40.732,-20.244
1573803783998,2019-11-15T15.43.03.998,23.432,-6.585,-46.585,-18.232
1573803784007,2019-11-15T15.43.04.007,23.441,-6.585,-45.915,-17.073
1573803784017,2019-11-15T15.43.04.017,23.451,-6.829,-43.841,-16.707
1573803784027,2019-11-15T15.43.04.027,23.461,-6.402,-39.878,-16.524
1573803784037,2019-11-15T15.43.04.037,23.471,-5.854,-32.805,-15.366
1573803784048,2019-11-15T15.43.04.048,23.482,-2.317,-24.878,-15.305
1573803784058,2019-11-15T15.43.04.058,23.492,2.561,-18.293,-17.256
1573803784068,2019-11-15T15.43.04.068,23.502,3.841,-15.610,-18.110
1573803784078,2019-11-15T15.43.04.078,23.512,6.646,-15.549,-15.732
1573803784089,2019-11-15T15.43.04.089,23.523,8.049,-13.537,-9.634
1573803784099,2019-11-15T15.43.04.099,23.533,7.134,-5.549,-4.878
1573803784108,2019-11-15T15.43.04.108,23.542,3.171,4.573,-4.573
1573803784118,2019-11-15T15.43.04.118,23.552,0.976,7.439,-2.378
1573803784128,2019-11-15T15.43.04.128,23.562,0.915,-1.037,3.902
1573803784138,2019-11-15T15.43.04.138,23.572,0.305,-8.659,7.134
1573803784149,2019-11-15T15.43.04.149,23.583,-2.012,-9.817,7.622
1573803784159,2019-11-15T15.43.04.159,23.593,-2.317,-5.915,6.524
1573803784169,2019-11-15T15.43.04.169,23.603,-2.988,0.671,4.817
1573803784179,2019-11-15T15.43.04.179,23.613,-4.817,9.085,5.244
1573803784190,2019-11-15T15.43.04.190,23.624,-7.378,17.805,7.622
1573803784200,2019-11-15T15.43.04.200,23.634,-10.244,23.537,8.780
1573803784210,2019-11-15T15.43.04.210,23.644,-11.098,21.585,8.902
1573803784219,2019-11-15T15.43.04.219,23.653,-9.878,11.341,8.963
1573803784229,2019-11-15T15.43.04.229,23.663,-8.841,2.317,7.927
1573803784239,2019-11-15T15.43.04.239,23.673,-9.390,-0.488,5.732
1573803784250,2019-11-15T15.43.04.250,23.684,-11.220,-0.366,5.244
1573803784260,2019-11-15T15.43.04.260,23.694,-11.707,0.061,4.512
1573803784270,2019-11-15T15.43.04.270,23.704,-10.488,2.805,1.585
1573803784280,2019-11-15T15.43.04.280,23.714,-10.366,6.890,0.244
1573803784291,2019-11-15T15.43.04.291,23.725,-11.402,10.671,0.366
1573803784301,2019-11-15T15.43.04.301,23.735,-11.463,15.061,-0.122
1573803784311,2019-11-15T15.43.04.311,23.745,-14.024,18.780,-3.354
1573803784321,2019-11-15T15.43.04.321,23.755,-15.000,22.195,-5.122
1573803784330,2019-11-15T15.43.04.330,23.764,-13.354,22.500,-0.549
1573803784341,2019-11-15T15.43.04.341,23.775,-11.280,11.280,4.146
1573803784351,2019-11-15T15.43.04.351,23.785,-8.110,-8.354,5.976
1573803784361,2019-11-15T15.43.04.361,23.795,-3.780,-20.000,4.878
1573803784371,2019-11-15T15.43.04.371,23.805,-3.902,-13.354,2.927
1573803784382,2019-11-15T15.43.04.382,23.816,-8.354,2.134,2.683
1573803784392,2019-11-15T15.43.04.392,23.826,-12.012,15.244,3.598
1573803784402,2019-11-15T15.43.04.402,23.836,-13.476,20.915,3.293
1573803784412,2019-11-15T15.43.04.412,23.846,-13.598,19.512,3.720
1573803784421,2019-11-15T15.43.04.421,23.855,-12.561,13.902,4.390
1573803784431,2019-11-15T15.43.04.431,23.865,-10.915,9.085,2.561
1573803784442,2019-11-15T15.43.04.442,23.876,-11.037,7.805,-0.061
1573803784452,2019-11-15T15.43.04.452,23.886,-9.695,8.963,-0.854
1573803784462,2019-11-15T15.43.04.462,23.896,-8.476,7.622,-0.183
1573803784472,2019-11-15T15.43.04.472,23.906,-6.159,5.061,0.610
1573803784483,2019-11-15T15.43.04.483,23.917,-5.122,9.390,0.732
1573803784493,2019-11-15T15.43.04.493,23.927,-7.744,20.793,0.915
1573803784503,2019-11-15T15.43.04.503,23.937,-9.878,31.220,1.402
1573803784513,2019-11-15T15.43.04.513,23.947,-10.183,35.915,0.976
1573803784524,2019-11-15T15.43.04.524,23.958,-10.244,39.817,-1.037
1573803784532,2019-11-15T15.43.04.532,23.966,-10.366,48.780,-3.110
1573803784543,2019-11-15T15.43.04.543,23.977,-10.793,63.476,-5.122
1573803784553,2019-11-15T15.43.04.553,23.987,-14.024,82.439,-6.524
1573803784563,2019-11-15T15.43.04.563,23.997,-18.902,100.427,-6.341
1573803784573,2019-11-15T15.43.04.573,24.007,-22.317,113.963,-5.854
1573803784584,2019-11-15T15.43.04.584,24.018,-26.402,122.439,-6.341
1573803784594,2019-11-15T15.43.04.594,24.028,-30.732,123.354,-6.768
1573803784604,2019-11-15T15.43.04.604,24.038,-33.110,114.146,-6.159
1573803784614,2019-11-15T15.43.04.614,24.048,-33.598,97.378,-4.939
1573803784625,2019-11-15T15.43.04.625,24.059,-33.841,76.890,-4.573
1573803784635,2019-11-15T15.43.04.635,24.069,-33.841,59.085,-5.305
1573803784644,2019-11-15T15.43.04.644,24.078,-33.780,53.171,-6.951
1573803784654,2019-11-15T15.43.04.654,24.088,-35.122,60.732,-7.134
1573803784664,2019-11-15T15.43.04.664,24.098,-37.866,73.659,-5.366
1573803784675,2019-11-15T15.43.04.675,24.109,-41.159,85.305,-3.780
1573803784685,2019-11-15T15.43.04.685,24.119,-41.646,92.073,-4.146
1573803784695,2019-11-15T15.43.04.695,24.129,-42.134,91.524,-3.963
1573803784705,2019-11-15T15.43.04.705,24.139,-42.439,85.305,-2.683
1573803784716,2019-11-15T15.43.04.716,24.150,-42.744,73.232,-2.378
1573803784726,2019-11-15T15.43.04.726,24.160,-43.110,58.780,-1.951
1573803784736,2019-11-15T15.43.04.736,24.170,-43.049,47.561,-1.159
1573803784745,2019-11-15T15.43.04.745,24.179,-43.354,45.915,-1.220
1573803784755,2019-11-15T15.43.04.755,24.189,-45.488,52.317,-2.988
1573803784765,2019-11-15T15.43.04.765,24.199,-47.561,59.634,-4.817
1573803784776,2019-11-15T15.43.04.776,24.210,-48.415,60.732,-5.305
1573803784786,2019-11-15T15.43.04.786,24.220,-49.268,60.244,-6.707
1573803784796,2019-11-15T15.43.04.796,24.230,-49.939,65.488,-9.878
1573803784806,2019-11-15T15.43.04.806,24.240,-51.646,76.768,-12.439
1573803784817,2019-11-15T15.43.04.817,24.251,-53.963,84.268,-13.476
1573803784827,2019-11-15T15.43.04.827,24.261,-53.963,82.988,-14.756
1573803784837,2019-11-15T15.43.04.837,24.271,-52.500,75.366,-16.768
1573803784847,2019-11-15T15.43.04.847,24.281,-51.768,67.561,-18.659
1573803784856,2019-11-15T15.43.04.856,24.290,-50.610,66.707,-18.720
1573803784866,2019-11-15T15.43.04.866,24.300,-50.305,73.963,-16.280
1573803784877,2019-11-15T15.43.04.877,24.311,-51.402,81.280,-15.122
1573803784887,2019-11-15T15.43.04.887,24.321,-52.073,85.488,-17.561
1573803784897,2019-11-15T15.43.04.897,24.331,-52.805,88.720,-19.573
1573803784907,2019-11-15T15.43.04.907,24.341,-52.622,87.561,-17.683
1573803784918,2019-11-15T15.43.04.918,24.352,-50.854,78.049,-15.610
1573803784928,2019-11-15T15.43.04.928,24.362,-49.024,62.805,-14.512
1573803784938,2019-11-15T15.43.04.938,24.372,-47.866,50.915,-13.354
1573803784948,2019-11-15T15.43.04.948,24.382,-45.793,45.366,-12.683
1573803784957,2019-11-15T15.43.04.957,24.391,-42.317,46.524,-13.476
1573803784967,2019-11-15T15.43.04.967,24.401,-40.793,52.256,-13.659
1573803784978,2019-11-15T15.43.04.978,24.412,-39.329,59.512,-13.293
1573803784988,2019-11-15T15.43.04.988,24.422,-36.402,64.512,-13.720
1573803784998,2019-11-15T15.43.04.998,24.432,-32.988,64.634,-14.146
1573803785008,2019-11-15T15.43.05.008,24.442,-29.634,58.720,-13.476
1573803785019,2019-11-15T15.43.05.019,24.453,-25.732,49.024,-12.317
1573803785029,2019-11-15T15.43.05.029,24.463,-20.854,40.915,-12.561
1573803785039,2019-11-15T15.43.05.039,24.473,-17.378,39.207,-13.354
1573803785050,2019-11-15T15.43.05.050,24.484,-15.122,39.390,-12.744
1573803785058,2019-11-15T15.43.05.058,24.492,-11.707,35.793,-12.256
1573803785069,2019-11-15T15.43.05.069,24.503,-8.415,32.378,-12.500
1573803785079,2019-11-15T15.43.05.079,24.513,-3.537,33.902,-13.110
1573803785089,2019-11-15T15.43.05.089,24.523,-0.793,40.000,-14.207
1573803785099,2019-11-15T15.43.05.099,24.533,-3.354,45.122,-12.134
1573803785110,2019-11-15T15.43.05.110,24.544,-3.537,46.037,-9.573
1573803785120,2019-11-15T15.43.05.120,24.554,-2.073,45.915,-9.268
1573803785130,2019-11-15T15.43.05.130,24.564,-2.622,46.707,-8.110
1573803785140,2019-11-15T15.43.05.140,24.574,-2.439,47.744,-6.220
1573803785151,2019-11-15T15.43.05.151,24.585,-1.768,46.890,-3.720
1573803785161,2019-11-15T15.43.05.161,24.595,-0.061,40.061,0.366