epoc (ms),timestamp (+0800),elapsed (s),x-axis (T),y-axis (T),z-axis (T)
1573801648452,2019-11-15T15.07.28.452,0.000,-0.000012500,0.000049250,-0.000015500
1573801648492,2019-11-15T15.07.28.492,0.040,-0.000015063,0.000047750,-0.000015125
1573801648533,2019-11-15T15.07.28.533,0.081,-0.000013250,0.000047750,-0.000017125
1573801648572,2019-11-15T15.07.28.572,0.120,-0.000012500,0.000048875,-0.000016313
1573801648613,2019-11-15T15.07.28.613,0.161,-0.000014375,0.000049625,-0.000017938
1573801648653,2019-11-15T15.07.28.653,0.201,-0.000013250,0.000047375,-0.000016313
1573801648694,2019-11-15T15.07.28.694,0.242,-0.000012125,0.000048500,-0.000016313
1573801648733,2019-11-15T15.07.28.733,0.281,-0.000013250,0.000047750,-0.000015563
1573801648774,2019-11-15T15.07.28.774,0.322,-0.000014375,0.000048125,-0.000017125
1573801648814,2019-11-15T15.07.28.814,0.362,-0.000012500,0.000048500,-0.000017125
1573801648855,2019-11-15T15.07.28.855,0.403,-0.000014375,0.000048500,-0.000016750
1573801648894,2019-11-15T15.07.28.894,0.442,-0.000014000,0.000046312,-0.000016750
1573801648935,2019-11-15T15.07.28.935,0.483,-0.000013250,0.000047000,-0.000016750
1573801648975,2019-11-15T15.07.28.975,0.523,-0.000012125,0.000047750,-0.000016313
1573801649015,2019-11-15T15.07.29.015,0.563,-0.000012875,0.000049937,-0.000016750
1573801649056,2019-11-15T15.07.29.056,0.604,-0.000013250,0.000048500,-0.000015937
1573801649095,2019-11-15T15.07.29.095,0.643,-0.000012875,0.000049250,-0.000015937
1573801649136,2019-11-15T15.07.29.136,0.684,-0.000014375,0.000048875,-0.000016750
1573801649176,2019-11-15T15.07.29.176,0.724,-0.000012500,0.000048500,-0.000016750
1573801649217,2019-11-15T15.07.29.217,0.765,-0.000013625,0.000048875,-0.000016313
1573801649256,2019-11-15T15.07.29.256,0.804,-0.000014687,0.000048875,-0.000017125
1573801649297,2019-11-15T15.07.29.297,0.845,-0.000014000,0.000048500,-0.000017938
1573801649337,2019-11-15T15.07.29.337,0.885,-0.000014000,0.000048125,-0.000016313
1573801649378,2019-11-15T15.07.29.378,0.926,-0.000014000,0.000046687,-0.000016313
1573801649417,2019-11-15T15.07.29.417,0.965,-0.000012500,0.000048125,-0.000016313
1573801649458,2019-11-15T15.07.29.458,1.006,-0.000012875,0.000046312,-0.000016313
1573801649498,2019-11-15T15.07.29.498,1.046,-0.000012500,0.000047000,-0.000017125
1573801649537,2019-11-15T15.07.29.537,1.085,-0.000012875,0.000050313,-0.000015563
1573801649578,2019-11-15T15.07.29.578,1.126,-0.000012875,0.000048500,-0.000017562
1573801649618,2019-11-15T15.07.29.618,1.166,-0.000013250,0.000048125,-0.000017125
1573801649659,2019-11-15T15.07.29.659,1.207,-0.000012125,0.000048500,-0.000016750
1573801649699,2019-11-15T15.07.29.699,1.247,-0.000013625,0.000047750,-0.000016313
1573801649740,2019-11-15T15.07.29.740,1.288,-0.000015063,0.000048875,-0.000016313
1573801649779,2019-11-15T15.07.29.779,1.327,-0.000014375,0.000047375,-0.000017562
1573801649820,2019-11-15T15.07.29.820,1.368,-0.000014375,0.000049250,-0.000016313
1573801649860,2019-11-15T15.07.29.860,1.408,-0.000013625,0.000050688,-0.000015125
1573801649901,2019-11-15T15.07.29.901,1.449,-0.000014000,0.000048125,-0.000016313
1573801649940,2019-11-15T15.07.29.940,1.488,-0.000013625,0.000048875,-0.000017125
1573801649981,2019-11-15T15.07.29.981,1.529,-0.000014000,0.000047750,-0.000017125
1573801650021,2019-11-15T15.07.30.021,1.569,-0.000013625,0.000047750,-0.000015125
1573801650060,2019-11-15T15.07.30.060,1.608,-0.000016187,0.000047750,-0.000015937
1573801650101,2019-11-15T15.07.30.101,1.649,-0.000014375,0.000047375,-0.000016750
1573801650141,2019-11-15T15.07.30.141,1.689,-0.000013625,0.000048125,-0.000015563
1573801650182,2019-11-15T15.07.30.182,1.730,-0.000014000,0.000047062,-0.000015937
1573801650222,2019-11-15T15.07.30.222,1.770,-0.000014000,0.000047750,-0.000016313
1573801650263,2019-11-15T15.07.30.263,1.811,-0.000013625,0.000048875,-0.000017125
1573801650302,2019-11-15T15.07.30.302,1.850,-0.000015813,0.000048125,-0.000015563
1573801650343,2019-11-15T15.07.30.343,1.891,-0.000014000,0.000047062,-0.000016375
1573801650383,2019-11-15T15.07.30.383,1.931,-0.000016187,0.000049250,-0.000015563
1573801650424,2019-11-15T15.07.30.424,1.972,-0.000014000,0.000048875,-0.000016750
1573801650463,2019-11-15T15.07.30.463,2.011,-0.000015063,0.000049250,-0.000015937
1573801650504,2019-11-15T15.07.30.504,2.052,-0.000015813,0.000048875,-0.000015937
1573801650544,2019-11-15T15.07.30.544,2.092,-0.000014000,0.000048500,-0.000015563
1573801650585,2019-11-15T15.07.30.585,2.133,-0.000015813,0.000049937,-0.000016750
1573801650624,2019-11-15T15.07.30.624,2.172,-0.000013250,0.000047750,-0.000016750
1573801650664,2019-11-15T15.07.30.664,2.212,-0.000015813,0.000049625,-0.000015937
1573801650705,2019-11-15T15.07.30.705,2.253,-0.000017688,0.000047062,-0.000016750
1573801650744,2019-11-15T15.07.30.744,2.292,-0.000014687,0.000047375,-0.000015125
1573801650785,2019-11-15T15.07.30.785,2.333,-0.000014750,0.000048875,-0.000015937
1573801650825,2019-11-15T15.07.30.825,2.373,-0.000014000,0.000047750,-0.000016750
1573801650866,2019-11-15T15.07.30.866,2.414,-0.000012875,0.000047750,-0.000017562
1573801650906,2019-11-15T15.07.30.906,2.454,-0.000014000,0.000047750,-0.000015563
1573801650947,2019-11-15T15.07.30.947,2.495,-0.000013625,0.000049250,-0.000015937
1573801650986,2019-11-15T15.07.30.986,2.534,-0.000014750,0.000047375,-0.000015125
1573801651027,2019-11-15T15.07.31.027,2.575,-0.000015063,0.000048125,-0.000015563
1573801651067,2019-11-15T15.07.31.067,2.615,-0.000014000,0.000046687,-0.000017125
1573801651108,2019-11-15T15.07.31.108,2.656,-0.000013625,0.000050313,-0.000015937
1573801651147,2019-11-15T15.07.31.147,2.695,-0.000012500,0.000050000,-0.000016375
1573801651187,2019-11-15T15.07.31.187,2.735,-0.000015437,0.000048125,-0.000015937
1573801651228,2019-11-15T15.07.31.228,2.776,-0.000012500,0.000047000,-0.000015937
1573801651267,2019-11-15T15.07.31.267,2.815,-0.000014000,0.000047750,-0.000015563
1573801651308,2019-11-15T15.07.31.308,2.856,-0.000014750,0.000048500,-0.000016750
1573801651348,2019-11-15T15.07.31.348,2.896,-0.000015063,0.000048500,-0.000016313
1573801651389,2019-11-15T15.07.31.389,2.937,-0.000014375,0.000046312,-0.000017125
1573801651429,2019-11-15T15.07.31.429,2.977,-0.000013625,0.000048875,-0.000017562
1573801651470,2019-11-15T15.07.31.470,3.018,-0.000013250,0.000047375,-0.000016375
1573801651509,2019-11-15T15.07.31.509,3.057,-0.000012875,0.000047375,-0.000015563
1573801651550,2019-11-15T15.07.31.550,3.098,-0.000013625,0.000047000,-0.000017125
1573801651590,2019-11-15T15.07.31.590,3.138,-0.000015063,0.000049250,-0.000016750
1573801651631,2019-11-15T15.07.31.631,3.179,-0.000014687,0.000047375,-0.000015563
1573801651670,2019-11-15T15.07.31.670,3.218,-0.000014750,0.000048500,-0.000015125
1573801651710,2019-11-15T15.07.31.710,3.258,-0.000014375,0.000047375,-0.000017125
1573801651751,2019-11-15T15.07.31.751,3.299,-0.000014000,0.000047375,-0.000017562
1573801651790,2019-11-15T15.07.31.790,3.338,-0.000014000,0.000048500,-0.000015125
1573801651831,2019-11-15T15.07.31.831,3.379,-0.000012875,0.000048500,-0.000017125
1573801651871,2019-11-15T15.07.31.871,3.419,-0.000012875,0.000047375,-0.000015937
1573801651912,2019-11-15T15.07.31.912,3.460,-0.000014375,0.000048500,-0.000015563
1573801651952,2019-11-15T15.07.31.952,3.500,-0.000014375,0.000048500,-0.000015937
1573801651993,2019-11-15T15.07.31.993,3.541,-0.000015063,0.000048875,-0.000015563
1573801652032,2019-11-15T15.07.32.032,3.580,-0.000014000,0.000048875,-0.000016375
1573801652073,2019-11-15T15.07.32.073,3.621,-0.000012500,0.000047375,-0.000015937
1573801652113,2019-11-15T15.07.32.113,3.661,-0.000013250,0.000047375,-0.000015563
1573801652154,2019-11-15T15.07.32.154,3.702,-0.000013625,0.000048125,-0.000017125
1573801652193,2019-11-15T15.07.32.193,3.741,-0.000013250,0.000047750,-0.000016375
1573801652234,2019-11-15T15.07.32.234,3.782,-0.000013625,0.000047062,-0.000015937
1573801652274,2019-11-15T15.07.32.274,3.822,-0.000015813,0.000046687,-0.000015937
1573801652313,2019-11-15T15.07.32.313,3.861,-0.000014750,0.000046687,-0.000017125
1573801652354,2019-11-15T15.07.32.354,3.902,-0.000014000,0.000047375,-0.000016375
1573801652394,2019-11-15T15.07.32.394,3.942,-0.000013625,0.000047750,-0.000017125
1573801652435,2019-11-15T15.07.32.435,3.983,-0.000014750,0.000048500,-0.000016750
1573801652474,2019-11-15T15.07.32.474,4.022,-0.000013625,0.000048125,-0.000017125
1573801652515,2019-11-15T15.07.32.515,4.063,-0.000015063,0.000046312,-0.000016375
1573801652555,2019-11-15T15.07.32.555,4.103,-0.000014000,0.000046312,-0.000016375
1573801652596,2019-11-15T15.07.32.596,4.144,-0.000015437,0.000047000,-0.000015937
1573801652636,2019-11-15T15.07.32.636,4.184,-0.000014000,0.000050000,-0.000016750
1573801652677,2019-11-15T15.07.32.677,4.225,-0.000014750,0.000047750,-0.000016750
1573801652716,2019-11-15T15.07.32.716,4.264,-0.000014000,0.000047375,-0.000016750
1573801652757,2019-11-15T15.07.32.757,4.305,-0.000015437,0.000050000,-0.000016750
1573801652797,2019-11-15T15.07.32.797,4.345,-0.000014375,0.000049625,-0.000016375
1573801652838,2019-11-15T15.07.32.838,4.386,-0.000013250,0.000048125,-0.000016750
1573801652877,2019-11-15T15.07.32.877,4.425,-0.000014000,0.000047750,-0.000016750
1573801652917,2019-11-15T15.07.32.917,4.465,-0.000012500,0.000049250,-0.000016375
1573801652958,2019-11-15T15.07.32.958,4.506,-0.000014750,0.000048125,-0.000017562
1573801652997,2019-11-15T15.07.32.997,4.545,-0.000012500,0.000047750,-0.000016750
1573801653038,2019-11-15T15.07.33.038,4.586,-0.000011812,0.000049250,-0.000015937
1573801653078,2019-11-15T15.07.33.078,4.626,-0.000014000,0.000048125,-0.000016375
1573801653119,2019-11-15T15.07.33.119,4.667,-0.000016187,0.000050000,-0.000016750
1573801653159,2019-11-15T15.07.33.159,4.707,-0.000014750,0.000047750,-0.000016375
1573801653200,2019-11-15T15.07.33.200,4.748,-0.000014750,0.000046312,-0.000015937
1573801653239,2019-11-15T15.07.33.239,4.787,-0.000014375,0.000047375,-0.000017125
1573801653280,2019-11-15T15.07.33.280,4.828,-0.000014375,0.000049250,-0.000015563
1573801653320,2019-11-15T15.07.33.320,4.868,-0.000014750,0.000048875,-0.000015563
1573801653361,2019-11-15T15.07.33.361,4.909,-0.000015813,0.000047062,-0.000016750
1573801653400,2019-11-15T15.07.33.400,4.948,-0.000016563,0.000046687,-0.000015563
1573801653441,2019-11-15T15.07.33.441,4.989,-0.000014375,0.000047375,-0.000016375
1573801653481,2019-11-15T15.07.33.481,5.029,-0.000014000,0.000049250,-0.000016375
1573801653522,2019-11-15T15.07.33.522,5.070,-0.000014000,0.000049250,-0.000015937
1573801653561,2019-11-15T15.07.33.561,5.109,-0.000014000,0.000050688,-0.000015937
1573801653601,2019-11-15T15.07.33.601,5.149,-0.000014000,0.000049625,-0.000016750
1573801653642,2019-11-15T15.07.33.642,5.190,-0.000013625,0.000047375,-0.000016750
1573801653681,2019-11-15T15.07.33.681,5.229,-0.000013625,0.000048500,-0.000017125
1573801653723,2019-11-15T15.07.33.723,5.271,-0.000013250,0.000047375,-0.000015188
1573801653762,2019-11-15T15.07.33.762,5.310,-0.000013250,0.000048500,-0.000015125
1573801653803,2019-11-15T15.07.33.803,5.351,-0.000012875,0.000046687,-0.000017125
1573801653843,2019-11-15T15.07.33.843,5.391,-0.000014750,0.000047750,-0.000015937
1573801653884,2019-11-15T15.07.33.884,5.432,-0.000015437,0.000048125,-0.000016375
1573801653923,2019-11-15T15.07.33.923,5.471,-0.000016187,0.000047062,-0.000015937
1573801653964,2019-11-15T15.07.33.964,5.512,-0.000015437,0.000048125,-0.000015937
1573801654004,2019-11-15T15.07.34.004,5.552,-0.000016563,0.000045938,-0.000016750
1573801654045,2019-11-15T15.07.34.045,5.593,-0.000015437,0.000047750,-0.000016375
1573801654084,2019-11-15T15.07.34.084,5.632,-0.000014000,0.000046687,-0.000015937
1573801654125,2019-11-15T15.07.34.125,5.673,-0.000013250,0.000047375,-0.000015937
1573801654165,2019-11-15T15.07.34.165,5.713,-0.000016937,0.000048500,-0.000016375
1573801654204,2019-11-15T15.07.34.204,5.752,-0.000015063,0.000048500,-0.000015937
1573801654245,2019-11-15T15.07.34.245,5.793,-0.000014375,0.000047750,-0.000016375
1573801654285,2019-11-15T15.07.34.285,5.833,-0.000012500,0.000047750,-0.000016375
1573801654326,2019-11-15T15.07.34.326,5.874,-0.000015813,0.000047375,-0.000015937
1573801654366,2019-11-15T15.07.34.366,5.914,-0.000015813,0.000047750,-0.000015563
1573801654407,2019-11-15T15.07.34.407,5.955,-0.000014375,0.000047375,-0.000015937
1573801654446,2019-11-15T15.07.34.446,5.994,-0.000015063,0.000048125,-0.000017125
1573801654487,2019-11-15T15.07.34.487,6.035,-0.000012500,0.000047375,-0.000015563
1573801654527,2019-11-15T15.07.34.527,6.075,-0.000013625,0.000048500,-0.000015937
1573801654568,2019-11-15T15.07.34.568,6.116,-0.000016187,0.000048500,-0.000016375
1573801654607,2019-11-15T15.07.34.607,6.155,-0.000012125,0.000047750,-0.000016375
1573801654648,2019-11-15T15.07.34.648,6.196,-0.000014750,0.000047750,-0.000016750
1573801654688,2019-11-15T15.07.34.688,6.236,-0.000011812,0.000047750,-0.000016375
1573801654729,2019-11-15T15.07.34.729,6.277,-0.000013625,0.000048125,-0.000017938
1573801654768,2019-11-15T15.07.34.768,6.316,-0.000016187,0.000047750,-0.000016750
1573801654809,2019-11-15T15.07.34.809,6.357,-0.000016187,0.000047375,-0.000016750
1573801654849,2019-11-15T15.07.34.849,6.397,-0.000014750,0.000048125,-0.000016375
1573801654889,2019-11-15T15.07.34.889,6.437,-0.000014750,0.000049250,-0.000017125
1573801654930,2019-11-15T15.07.34.930,6.478,-0.000014375,0.000047750,-0.000017562
1573801654969,2019-11-15T15.07.34.969,6.517,-0.000013625,0.000047375,-0.000016375
1573801655010,2019-11-15T15.07.35.010,6.558,-0.000013625,0.000047062,-0.000015563
1573801655050,2019-11-15T15.07.35.050,6.598,-0.000015063,0.000047062,-0.000015937
1573801655091,2019-11-15T15.07.35.091,6.639,-0.000015813,0.000049625,-0.000015563
1573801655130,2019-11-15T15.07.35.130,6.678,-0.000015063,0.000048125,-0.000017125
1573801655171,2019-11-15T15.07.35.171,6.719,-0.000014000,0.000049625,-0.000016375
1573801655211,2019-11-15T15.07.35.211,6.759,-0.000013625,0.000048125,-0.000017125
1573801655252,2019-11-15T15.07.35.252,6.800,-0.000014750,0.000047062,-0.000015937
1573801655291,2019-11-15T15.07.35.291,6.839,-0.000014375,0.000047062,-0.000016375
1573801655332,2019-11-15T15.07.35.332,6.880,-0.000014750,0.000049250,-0.000017125
1573801655372,2019-11-15T15.07.35.372,6.920,-0.000015813,0.000048125,-0.000016750
1573801655413,2019-11-15T15.07.35.413,6.961,-0.000014750,0.000048500,-0.000016375
1573801655452,2019-11-15T15.07.35.452,7.000,-0.000014000,0.000048500,-0.000015937
1573801655492,2019-11-15T15.07.35.492,7.040,-0.000014000,0.000048500,-0.000016375
1573801655533,2019-11-15T15.07.35.533,7.081,-0.000014375,0.000049250,-0.000015563
1573801655573,2019-11-15T15.07.35.573,7.121,-0.000014375,0.000049250,-0.000017562
1573801655614,2019-11-15T15.07.35.614,7.162,-0.000013625,0.000048500,-0.000014750
1573801655653,2019-11-15T15.07.35.653,7.201,-0.000013250,0.000048500,-0.000016375
1573801655694,2019-11-15T15.07.35.694,7.242,-0.000014000,0.000049625,-0.000016375
1573801655734,2019-11-15T15.07.35.734,7.282,-0.000014000,0.000046687,-0.000016750
1573801655775,2019-11-15T15.07.35.775,7.323,-0.000013250,0.000049625,-0.000015937
1573801655814,2019-11-15T15.07.35.814,7.362,-0.000014750,0.000048125,-0.000015937
1573801655855,2019-11-15T15.07.35.855,7.403,-0.000013250,0.000049250,-0.000016750
1573801655895,2019-11-15T15.07.35.895,7.443,-0.000012875,0.000048500,-0.000017125
1573801655936,2019-11-15T15.07.35.936,7.484,-0.000015063,0.000048125,-0.000015937
1573801655975,2019-11-15T15.07.35.975,7.523,-0.000013625,0.000049625,-0.000017125
1573801656016,2019-11-15T15.07.36.016,7.564,-0.000015437,0.000049625,-0.000017125
1573801656056,2019-11-15T15.07.36.056,7.604,-0.000013625,0.000046687,-0.000016375
1573801656097,2019-11-15T15.07.36.097,7.645,-0.000014375,0.000048125,-0.000016375
1573801656137,2019-11-15T15.07.36.137,7.685,-0.000015437,0.000045938,-0.000015937
1573801656176,2019-11-15T15.07.36.176,7.724,-0.000013625,0.000048125,-0.000016750
1573801656217,2019-11-15T15.07.36.217,7.765,-0.000015813,0.000048125,-0.000016750
1573801656257,2019-11-15T15.07.36.257,7.805,-0.000013250,0.000048125,-0.000017562
1573801656298,2019-11-15T15.07.36.298,7.846,-0.000014750,0.000048125,-0.000015937
1573801656337,2019-11-15T15.07.36.337,7.885,-0.000012500,0.000047062,-0.000016375
1573801656378,2019-11-15T15.07.36.378,7.926,-0.000013250,0.000048500,-0.000015937
1573801656418,2019-11-15T15.07.36.418,7.966,-0.000014375,0.000047062,-0.000017125
1573801656459,2019-11-15T15.07.36.459,8.007,-0.000012125,0.000048125,-0.000016375
1573801656498,2019-11-15T15.07.36.498,8.046,-0.000012500,0.000049250,-0.000015563
1573801656539,2019-11-15T15.07.36.539,8.087,-0.000014375,0.000048500,-0.000015563
1573801656579,2019-11-15T15.07.36.579,8.127,-0.000014375,0.000049625,-0.000016750
1573801656620,2019-11-15T15.07.36.620,8.168,-0.000015063,0.000048875,-0.000017125
1573801656660,2019-11-15T15.07.36.660,8.208,-0.000013625,0.000046687,-0.000016375
1573801656701,2019-11-15T15.07.36.701,8.249,-0.000014375,0.000046687,-0.000017562
1573801656740,2019-11-15T15.07.36.740,8.288,-0.000014375,0.000048125,-0.000015125
1573801656781,2019-11-15T15.07.36.781,8.329,-0.000015437,0.000047375,-0.000015937
1573801656821,2019-11-15T15.07.36.821,8.369,-0.000015437,0.000047375,-0.000014750
1573801656860,2019-11-15T15.07.36.860,8.408,-0.000013625,0.000046687,-0.000015937
1573801656901,2019-11-15T15.07.36.901,8.449,-0.000014750,0.000047750,-0.000015937
1573801656941,2019-11-15T15.07.36.941,8.489,-0.000014375,0.000047062,-0.000015937
1573801656982,2019-11-15T15.07.36.982,8.530,-0.000014750,0.000047375,-0.000015937
1573801657021,2019-11-15T15.07.37.021,8.569,-0.000012875,0.000048500,-0.000016750
1573801657062,2019-11-15T15.07.37.062,8.610,-0.000014750,0.000047375,-0.000014375
1573801657102,2019-11-15T15.07.37.102,8.650,-0.000013250,0.000047750,-0.000016375
1573801657143,2019-11-15T15.07.37.143,8.691,-0.000012875,0.000048500,-0.000016750
1573801657182,2019-11-15T15.07.37.182,8.730,-0.000014375,0.000048875,-0.000015563
1573801657223,2019-11-15T15.07.37.223,8.771,-0.000015813,0.000048125,-0.000015937
1573801657263,2019-11-15T15.07.37.263,8.811,-0.000015063,0.000047375,-0.000015188
1573801657304,2019-11-15T15.07.37.304,8.852,-0.000014000,0.000048125,-0.000016750
1573801657344,2019-11-15T15.07.37.344,8.892,-0.000012500,0.000049625,-0.000014750
1573801657383,2019-11-15T15.07.37.383,8.931,-0.000013625,0.000048875,-0.000014750
1573801657424,2019-11-15T15.07.37.424,8.972,-0.000014000,0.000047375,-0.000015563
1573801657464,2019-11-15T15.07.37.464,9.012,-0.000014750,0.000050313,-0.000015563
1573801657505,2019-11-15T15.07.37.505,9.053,-0.000012125,0.000048500,-0.000015125
1573801657544,2019-11-15T15.07.37.544,9.092,-0.000015063,0.000048875,-0.000015563
1573801657585,2019-11-15T15.07.37.585,9.133,-0.000015437,0.000049250,-0.000015125
1573801657625,2019-11-15T15.07.37.625,9.173,-0.000015063,0.000048125,-0.000016750
1573801657666,2019-11-15T15.07.37.666,9.214,-0.000014750,0.000047750,-0.000015937
1573801657705,2019-11-15T15.07.37.705,9.253,-0.000014375,0.000048500,-0.000015937
1573801657746,2019-11-15T15.07.37.746,9.294,-0.000014375,0.000048500,-0.000015937
1573801657786,2019-11-15T15.07.37.786,9.334,-0.000014750,0.000048875,-0.000015188
1573801657827,2019-11-15T15.07.37.827,9.375,-0.000014375,0.000046312,-0.000015188
1573801657867,2019-11-15T15.07.37.867,9.415,-0.000014000,0.000048500,-0.000016750
1573801657908,2019-11-15T15.07.37.908,9.456,-0.000012875,0.000048875,-0.000015563
1573801657947,2019-11-15T15.07.37.947,9.495,-0.000013625,0.000047750,-0.000015563
1573801657987,2019-11-15T15.07.37.987,9.535,-0.000014750,0.000047750,-0.000015563
1573801658028,2019-11-15T15.07.38.028,9.576,-0.000015437,0.000047750,-0.000015937
1573801658067,2019-11-15T15.07.38.067,9.615,-0.000013250,0.000047375,-0.000017125
1573801658108,2019-11-15T15.07.38.108,9.656,-0.000014375,0.000047375,-0.000016750
1573801658148,2019-11-15T15.07.38.148,9.696,-0.000014375,0.000049250,-0.000014750
1573801658189,2019-11-15T15.07.38.189,9.737,-0.000012875,0.000047750,-0.000015563
1573801658228,2019-11-15T15.07.38.228,9.776,-0.000013250,0.000048125,-0.000015563
1573801658269,2019-11-15T15.07.38.269,9.817,-0.000014750,0.000047750,-0.000014375
1573801658309,2019-11-15T15.07.38.309,9.857,-0.000015813,0.000048125,-0.000015188
1573801658350,2019-11-15T15.07.38.350,9.898,-0.000013250,0.000047375,-0.000016375
1573801658390,2019-11-15T15.07.38.390,9.938,-0.000013250,0.000049250,-0.000016750
1573801658431,2019-11-15T15.07.38.431,9.979,-0.000013625,0.000047062,-0.000015937
1573801658470,2019-11-15T15.07.38.470,10.018,-0.000015437,0.000049625,-0.000015188
1573801658510,2019-11-15T15.07.38.510,10.058,-0.000014375,0.000047750,-0.000015563
1573801658551,2019-11-15T15.07.38.551,10.099,-0.000012125,0.000048125,-0.000015937
1573801658590,2019-11-15T15.07.38.590,10.138,-0.000012500,0.000047375,-0.000015937
1573801658631,2019-11-15T15.07.38.631,10.179,-0.000013625,0.000047750,-0.000015125
1573801658671,2019-11-15T15.07.38.671,10.219,-0.000014000,0.000048125,-0.000014750
1573801658712,2019-11-15T15.07.38.712,10.260,-0.000014375,0.000048125,-0.000016375
1573801658751,2019-11-15T15.07.38.751,10.299,-0.000015063,0.000048875,-0.000015937
1573801658792,2019-11-15T15.07.38.792,10.340,-0.000014750,0.000047750,-0.000016750
1573801658832,2019-11-15T15.07.38.832,10.380,-0.000012500,0.000050000,-0.000016375
1573801658873,2019-11-15T15.07.38.873,10.421,-0.000014375,0.000048125,-0.000015125
1573801658912,2019-11-15T15.07.38.912,10.460,-0.000015063,0.000048875,-0.000017125
1573801658953,2019-11-15T15.07.38.953,10.501,-0.000012500,0.000048125,-0.000015937
1573801658993,2019-11-15T15.07.38.993,10.541,-0.000012875,0.000049250,-0.000015563
1573801659034,2019-11-15T15.07.39.034,10.582,-0.000015437,0.000048125,-0.000016375
1573801659074,2019-11-15T15.07.39.074,10.622,-0.000014375,0.000048125,-0.000016750
1573801659113,2019-11-15T15.07.39.113,10.661,-0.000014375,0.000048125,-0.000016750
1573801659154,2019-11-15T15.07.39.154,10.702,-0.000014750,0.000048875,-0.000015563
1573801659194,2019-11-15T15.07.39.194,10.742,-0.000012875,0.000048125,-0.000016375
1573801659235,2019-11-15T15.07.39.235,10.783,-0.000013625,0.000047375,-0.000016375
1573801659274,2019-11-15T15.07.39.274,10.822,-0.000013625,0.000047750,-0.000015937
1573801659315,2019-11-15T15.07.39.315,10.863,-0.000014375,0.000047375,-0.000016375
1573801659355,2019-11-15T15.07.39.355,10.903,-0.000014750,0.000047375,-0.000015937
1573801659396,2019-11-15T15.07.39.396,10.944,-0.000014375,0.000048125,-0.000016375
1573801659435,2019-11-15T15.07.39.435,10.983,-0.000013625,0.000048125,-0.000015563
1573801659476,2019-11-15T15.07.39.476,11.024,-0.000012500,0.000048125,-0.000015937
1573801659516,2019-11-15T15.07.39.516,11.064,-0.000014375,0.000048500,-0.000015563
1573801659557,2019-11-15T15.07.39.557,11.105,-0.000014000,0.000047750,-0.000015563
1573801659597,2019-11-15T15.07.39.597,11.145,-0.000014750,0.000047750,-0.000015937
1573801659638,2019-11-15T15.07.39.638,11.186,-0.000015063,0.000050000,-0.000016375
1573801659677,2019-11-15T15.07.39.677,11.225,-0.000015437,0.000049625,-0.000015125
1573801659717,2019-11-15T15.07.39.717,11.265,-0.000015813,0.000047750,-0.000015937
1573801659758,2019-11-15T15.07.39.758,11.306,-0.000014375,0.000046312,-0.000016375
1573801659797,2019-11-15T15.07.39.797,11.345,-0.000014000,0.000048125,-0.000015937
1573801659838,2019-11-15T15.07.39.838,11.386,-0.000013625,0.000049250,-0.000014750
1573801659878,2019-11-15T15.07.39.878,11.426,-0.000015063,0.000048125,-0.000015937
1573801659919,2019-11-15T15.07.39.919,11.467,-0.000014000,0.000048125,-0.000015937
1573801659958,2019-11-15T15.07.39.958,11.506,-0.000014375,0.000047750,-0.000017125
1573801659999,2019-11-15T15.07.39.999,11.547,-0.000014750,0.000047062,-0.000016375
1573801660039,2019-11-15T15.07.40.039,11.587,-0.000013250,0.000046312,-0.000015125
1573801660080,2019-11-15T15.07.40.080,11.628,-0.000013625,0.000047750,-0.000015563
1573801660119,2019-11-15T15.07.40.119,11.667,-0.000014750,0.000046312,-0.000016375
1573801660160,2019-11-15T15.07.40.160,11.708,-0.000014750,0.000049250,-0.000016375
1573801660200,2019-11-15T15.07.40.200,11.748,-0.000013625,0.000047375,-0.000015563
1573801660241,2019-11-15T15.07.40.241,11.789,-0.000015437,0.000048500,-0.000016750
1573801660281,2019-11-15T15.07.40.281,11.829,-0.000015813,0.000048875,-0.000015125
1573801660322,2019-11-15T15.07.40.322,11.870,-0.000016563,0.000047750,-0.000016375
1573801660361,2019-11-15T15.07.40.361,11.909,-0.000015813,0.000046687,-0.000016750
1573801660401,2019-11-15T15.07.40.401,11.949,-0.000015063,0.000048500,-0.000016750
1573801660442,2019-11-15T15.07.40.442,11.990,-0.000012875,0.000050313,-0.000016375
1573801660481,2019-11-15T15.07.40.481,12.029,-0.000014375,0.000049250,-0.000015937
1573801660522,2019-11-15T15.07.40.522,12.070,-0.000015437,0.000047750,-0.000016750
1573801660562,2019-11-15T15.07.40.562,12.110,-0.000014375,0.000048125,-0.000015563
1573801660603,2019-11-15T15.07.40.603,12.151,-0.000015813,0.000049625,-0.000016375
1573801660642,2019-11-15T15.07.40.642,12.190,-0.000014000,0.000049250,-0.000015563
1573801660683,2019-11-15T15.07.40.683,12.231,-0.000014750,0.000047375,-0.000016750
1573801660723,2019-11-15T15.07.40.723,12.271,-0.000015063,0.000046312,-0.000016375
1573801660764,2019-11-15T15.07.40.764,12.312,-0.000014000,0.000047750,-0.000016375
1573801660804,2019-11-15T15.07.40.804,12.352,-0.000015437,0.000047750,-0.000016375
1573801660845,2019-11-15T15.07.40.845,12.393,-0.000014750,0.000048125,-0.000015937
1573801660884,2019-11-15T15.07.40.884,12.432,-0.000013250,0.000047750,-0.000016750
1573801660925,2019-11-15T15.07.40.925,12.473,-0.000016563,0.000050000,-0.000016375
1573801660965,2019-11-15T15.07.40.965,12.513,-0.000014375,0.000048125,-0.000016375
1573801661004,2019-11-15T15.07.41.004,12.552,-0.000013625,0.000048125,-0.000015937
1573801661045,2019-11-15T15.07.41.045,12.593,-0.000013250,0.000047375,-0.000015937
1573801661085,2019-11-15T15.07.41.085,12.633,-0.000014375,0.000047375,-0.000016750
1573801661126,2019-11-15T15.07.41.126,12.674,-0.000013250,0.000046687,-0.000016375
1573801661165,2019-11-15T15.07.41.165,12.713,-0.000014375,0.000048125,-0.000015563
1573801661206,2019-11-15T15.07.41.206,12.754,-0.000014750,0.000048875,-0.000015563
1573801661246,2019-11-15T15.07.41.246,12.794,-0.000015063,0.000048125,-0.000015563
1573801661287,2019-11-15T15.07.41.287,12.835,-0.000012875,0.000047375,-0.000016375
1573801661327,2019-11-15T15.07.41.327,12.875,-0.000012500,0.000048875,-0.000015125
1573801661368,2019-11-15T15.07.41.368,12.916,-0.000013250,0.000047750,-0.000017125
1573801661407,2019-11-15T15.07.41.407,12.955,-0.000012875,0.000047375,-0.000016750
1573801661448,2019-11-15T15.07.41.448,12.996,-0.000013625,0.000048125,-0.000015937
1573801661488,2019-11-15T15.07.41.488,13.036,-0.000013250,0.000048125,-0.000016750
1573801661527,2019-11-15T15.07.41.527,13.075,-0.000016563,0.000047062,-0.000016750
1573801661568,2019-11-15T15.07.41.568,13.116,-0.000012500,0.000047750,-0.000015937
1573801661608,2019-11-15T15.07.41.608,13.156,-0.000014375,0.000050000,-0.000014375
1573801661649,2019-11-15T15.07.41.649,13.197,-0.000016563,0.000047062,-0.000016375
1573801661688,2019-11-15T15.07.41.688,13.236,-0.000014750,0.000046312,-0.000017125
1573801661729,2019-11-15T15.07.41.729,13.277,-0.000014750,0.000046687,-0.000014750
1573801661769,2019-11-15T15.07.41.769,13.317,-0.000014750,0.000048125,-0.000015937
1573801661810,2019-11-15T15.07.41.810,13.358,-0.000013625,0.000049625,-0.000016750
1573801661849,2019-11-15T15.07.41.849,13.397,-0.000015437,0.000047062,-0.000015937
1573801661890,2019-11-15T15.07.41.890,13.438,-0.000015063,0.000048125,-0.000016750
1573801661930,2019-11-15T15.07.41.930,13.478,-0.000014750,0.000047750,-0.000015937
1573801661971,2019-11-15T15.07.41.971,13.519,-0.000014750,0.000048500,-0.000015188
1573801662011,2019-11-15T15.07.42.011,13.559,-0.000014750,0.000048125,-0.000014750
1573801662052,2019-11-15T15.07.42.052,13.600,-0.000012125,0.000048875,-0.000015563
1573801662091,2019-11-15T15.07.42.091,13.639,-0.000012500,0.000047750,-0.000015937
1573801662131,2019-11-15T15.07.42.131,13.679,-0.000014000,0.000048500,-0.000015563
1573801662172,2019-11-15T15.07.42.172,13.720,-0.000013250,0.000046687,-0.000015125
1573801662211,2019-11-15T15.07.42.211,13.759,-0.000015437,0.000047375,-0.000016750
1573801662252,2019-11-15T15.07.42.252,13.800,-0.000014000,0.000047062,-0.000016750
1573801662292,2019-11-15T15.07.42.292,13.840,-0.000015063,0.000046687,-0.000015937
1573801662333,2019-11-15T15.07.42.333,13.881,-0.000014375,0.000046687,-0.000015563
1573801662372,2019-11-15T15.07.42.372,13.920,-0.000015813,0.000050313,-0.000015937
1573801662413,2019-11-15T15.07.42.413,13.961,-0.000014000,0.000046687,-0.000016375
1573801662453,2019-11-15T15.07.42.453,14.001,-0.000014750,0.000049625,-0.000015937
1573801662494,2019-11-15T15.07.42.494,14.042,-0.000014750,0.000047750,-0.000015563
1573801662534,2019-11-15T15.07.42.534,14.082,-0.000012500,0.000048875,-0.000016750
1573801662575,2019-11-15T15.07.42.575,14.123,-0.000014375,0.000048500,-0.000016750
1573801662614,2019-11-15T15.07.42.614,14.162,-0.000016563,0.000047750,-0.000015937
1573801662654,2019-11-15T15.07.42.654,14.202,-0.000014375,0.000047062,-0.000016375
1573801662695,2019-11-15T15.07.42.695,14.243,-0.000015813,0.000049250,-0.000015937
1573801662734,2019-11-15T15.07.42.734,14.282,-0.000015813,0.000048500,-0.000016375
1573801662775,2019-11-15T15.07.42.775,14.323,-0.000013250,0.000046312,-0.000015937
1573801662815,2019-11-15T15.07.42.815,14.363,-0.000016937,0.000048875,-0.000016375
1573801662856,2019-11-15T15.07.42.856,14.404,-0.000018000,0.000047062,-0.000015937
1573801662895,2019-11-15T15.07.42.895,14.443,-0.000014375,0.000047062,-0.000016750
1573801662936,2019-11-15T15.07.42.936,14.484,-0.000014375,0.000047375,-0.000015937
1573801662976,2019-11-15T15.07.42.976,14.524,-0.000016563,0.000048125,-0.000016750
1573801663017,2019-11-15T15.07.43.017,14.565,-0.000015437,0.000045187,-0.000016750
1573801663056,2019-11-15T15.07.43.056,14.604,-0.000015437,0.000045938,-0.000017125
1573801663098,2019-11-15T15.07.43.098,14.646,-0.000015063,0.000044438,-0.000018375
1573801663137,2019-11-15T15.07.43.137,14.685,-0.000016187,0.000046312,-0.000018750
1573801663177,2019-11-15T15.07.43.177,14.725,-0.000014000,0.000047750,-0.000017938
1573801663218,2019-11-15T15.07.43.218,14.766,-0.000015063,0.000046312,-0.000016750
1573801663257,2019-11-15T15.07.43.257,14.805,-0.000015063,0.000045563,-0.000017562
1573801663298,2019-11-15T15.07.43.298,14.846,-0.000012875,0.000047375,-0.000018375
1573801663338,2019-11-15T15.07.43.338,14.886,-0.000015813,0.000047750,-0.000018375
1573801663379,2019-11-15T15.07.43.379,14.927,-0.000016187,0.000045938,-0.000017938
1573801663418,2019-11-15T15.07.43.418,14.966,-0.000016563,0.000048875,-0.000018750
1573801663459,2019-11-15T15.07.43.459,15.007,-0.000014375,0.000045938,-0.000019125
1573801663499,2019-11-15T15.07.43.499,15.047,-0.000015063,0.000047062,-0.000018750
1573801663540,2019-11-15T15.07.43.540,15.088,-0.000016187,0.000045938,-0.000017562
1573801663579,2019-11-15T15.07.43.579,15.127,-0.000014750,0.000047062,-0.000017938
1573801663620,2019-11-15T15.07.43.620,15.168,-0.000015437,0.000046312,-0.000016375
1573801663660,2019-11-15T15.07.43.660,15.208,-0.000014000,0.000047062,-0.000017187
1573801663701,2019-11-15T15.07.43.701,15.249,-0.000016187,0.000047062,-0.000015937
1573801663741,2019-11-15T15.07.43.741,15.289,-0.000012875,0.000047062,-0.000016375
1573801663782,2019-11-15T15.07.43.782,15.330,-0.000014750,0.000047750,-0.000016750
1573801663821,2019-11-15T15.07.43.821,15.369,-0.000014375,0.000047375,-0.000015188
1573801663861,2019-11-15T15.07.43.861,15.409,-0.000012500,0.000046687,-0.000016375
1573801663902,2019-11-15T15.07.43.902,15.450,-0.000013625,0.000047062,-0.000015937
1573801663941,2019-11-15T15.07.43.941,15.489,-0.000012500,0.000046687,-0.000015937
1573801663982,2019-11-15T15.07.43.982,15.530,-0.000014375,0.000049250,-0.000015937
1573801664022,2019-11-15T15.07.44.022,15.570,-0.000013625,0.000047375,-0.000015937
1573801664063,2019-11-15T15.07.44.063,15.611,-0.000013625,0.000047750,-0.000016375
1573801664102,2019-11-15T15.07.44.102,15.650,-0.000014375,0.000047750,-0.000016375
1573801664143,2019-11-15T15.07.44.143,15.691,-0.000013625,0.000048500,-0.000016375
1573801664183,2019-11-15T15.07.44.183,15.731,-0.000013250,0.000047750,-0.000015563
1573801664224,2019-11-15T15.07.44.224,15.772,-0.000015813,0.000048125,-0.000016375
1573801664264,2019-11-15T15.07.44.264,15.812,-0.000013625,0.000048125,-0.000014750
1573801664305,2019-11-15T15.07.44.305,15.853,-0.000016937,0.000046687,-0.000015188
1573801664344,2019-11-15T15.07.44.344,15.892,-0.000013250,0.000047750,-0.000015937
1573801664385,2019-11-15T15.07.44.385,15.933,-0.000012875,0.000047375,-0.000014750
1573801664425,2019-11-15T15.07.44.425,15.973,-0.000013250,0.000047062,-0.000016750
1573801664464,2019-11-15T15.07.44.464,16.012,-0.000015063,0.000048125,-0.000016375
1573801664505,2019-11-15T15.07.44.505,16.053,-0.000014750,0.000046687,-0.000016750
1573801664545,2019-11-15T15.07.44.545,16.093,-0.000014000,0.000048125,-0.000016375
1573801664586,2019-11-15T15.07.44.586,16.134,-0.000012500,0.000048500,-0.000017187
1573801664627,2019-11-15T15.07.44.627,16.175,-0.000012125,0.000048500,-0.000016375
1573801664666,2019-11-15T15.07.44.666,16.214,-0.000012500,0.000048125,-0.000015937
1573801664706,2019-11-15T15.07.44.706,16.254,-0.000013625,0.000047375,-0.000016750
1573801664747,2019-11-15T15.07.44.747,16.295,-0.000012500,0.000046687,-0.000015563
1573801664786,2019-11-15T15.07.44.786,16.334,-0.000012125,0.000049250,-0.000015563
1573801664827,2019-11-15T15.07.44.827,16.375,-0.000012500,0.000048875,-0.000015937
1573801664867,2019-11-15T15.07.44.867,16.415,-0.000016563,0.000047375,-0.000014375
1573801664908,2019-11-15T15.07.44.908,16.456,-0.000014000,0.000048875,-0.000015125
1573801664948,2019-11-15T15.07.44.948,16.496,-0.000013625,0.000049250,-0.000014750
1573801664987,2019-11-15T15.07.44.987,16.535,-0.000013625,0.000046687,-0.000012750
1573801665028,2019-11-15T15.07.45.028,16.576,-0.000012500,0.000048875,-0.000013188
1573801665068,2019-11-15T15.07.45.068,16.616,-0.000014000,0.000050313,-0.000010375
1573801665109,2019-11-15T15.07.45.109,16.657,-0.000011812,0.000050313,-0.000009187
1573801665148,2019-11-15T15.07.45.148,16.696,-0.000012125,0.000052563,-0.000006750
1573801665189,2019-11-15T15.07.45.189,16.737,-0.000012125,0.000051062,-0.000005563
1573801665229,2019-11-15T15.07.45.229,16.777,-0.000008500,0.000052188,-0.000002750
1573801665270,2019-11-15T15.07.45.270,16.818,-0.000009938,0.000051813,-0.000000750
1573801665309,2019-11-15T15.07.45.309,16.857,-0.000008500,0.000050000,-0.000000375
1573801665350,2019-11-15T15.07.45.350,16.898,-0.000008500,0.000050313,0.000000000
1573801665390,2019-11-15T15.07.45.390,16.938,-0.000007375,0.000053250,0.000000375
1573801665431,2019-11-15T15.07.45.431,16.979,-0.000010688,0.000052937,0.000000000
1573801665471,2019-11-15T15.07.45.471,17.019,-0.000005187,0.000054000,-0.000001187
1573801665510,2019-11-15T15.07.45.510,17.058,-0.000006625,0.000056187,-0.000002375
1573801665551,2019-11-15T15.07.45.551,17.099,-0.000003688,0.000055875,-0.000004375
1573801665591,2019-11-15T15.07.45.591,17.139,-0.000005187,0.000058438,-0.000009563
1573801665632,2019-11-15T15.07.45.632,17.180,0.000000688,0.000059125,-0.000012375
1573801665671,2019-11-15T15.07.45.671,17.219,0.000005125,0.000059125,-0.000015937
1573801665712,2019-11-15T15.07.45.712,17.260,0.000009875,0.000061375,-0.000018375
1573801665752,2019-11-15T15.07.45.752,17.300,0.000018312,0.000062812,-0.000020375
1573801665793,2019-11-15T15.07.45.793,17.341,0.000024938,0.000064313,-0.000020750
1573801665832,2019-11-15T15.07.45.832,17.380,0.000034125,0.000059500,-0.000021125
1573801665873,2019-11-15T15.07.45.873,17.421,0.000040750,0.000054750,-0.000021125
1573801665913,2019-11-15T15.07.45.913,17.461,0.000045500,0.000049625,-0.000019938
1573801665954,2019-11-15T15.07.45.954,17.502,0.000047313,0.000045187,-0.000021563
1573801665994,2019-11-15T15.07.45.994,17.542,0.000053188,0.000041875,-0.000021937
1573801666033,2019-11-15T15.07.46.033,17.581,0.000053563,0.000037125,-0.000021563
1573801666074,2019-11-15T15.07.46.074,17.622,0.000052500,0.000032688,-0.000023562
1573801666114,2019-11-15T15.07.46.114,17.662,0.000053937,0.000029750,-0.000023938
1573801666155,2019-11-15T15.07.46.155,17.703,0.000052875,0.000024625,-0.000024375
1573801666194,2019-11-15T15.07.46.194,17.742,0.000053188,0.000021313,-0.000023938
1573801666235,2019-11-15T15.07.46.235,17.783,0.000052875,0.000020937,-0.000023188
1573801666275,2019-11-15T15.07.46.275,17.823,0.000052500,0.000018375,-0.000022750
1573801666316,2019-11-15T15.07.46.316,17.864,0.000054688,0.000018375,-0.000023125
1573801666355,2019-11-15T15.07.46.355,17.903,0.000052875,0.000016937,-0.000021937
1573801666396,2019-11-15T15.07.46.396,17.944,0.000053563,0.000014000,-0.000021125
1573801666436,2019-11-15T15.07.46.436,17.984,0.000049937,0.000015063,-0.000021937
1573801666477,2019-11-15T15.07.46.477,18.025,0.000052875,0.000015063,-0.000019938
1573801666516,2019-11-15T15.07.46.516,18.064,0.000053188,0.000016187,-0.000020750
1573801666557,2019-11-15T15.07.46.557,18.105,0.000054688,0.000018750,-0.000019125
1573801666597,2019-11-15T15.07.46.597,18.145,0.000054688,0.000019500,-0.000020375
1573801666637,2019-11-15T15.07.46.637,18.185,0.000055063,0.000018000,-0.000020375
1573801666678,2019-11-15T15.07.46.678,18.226,0.000056125,0.000018375,-0.000019125
1573801666717,2019-11-15T15.07.46.717,18.265,0.000053937,0.000017688,-0.000018375
1573801666758,2019-11-15T15.07.46.758,18.306,0.000050625,0.000019500,-0.000018375
1573801666798,2019-11-15T15.07.46.798,18.346,0.000053937,0.000019125,-0.000016750
1573801666839,2019-11-15T15.07.46.839,18.387,0.000053563,0.000019125,-0.000017125
1573801666878,2019-11-15T15.07.46.878,18.426,0.000054312,0.000019125,-0.000017125
1573801666919,2019-11-15T15.07.46.919,18.467,0.000055063,0.000019500,-0.000017125
1573801666959,2019-11-15T15.07.46.959,18.507,0.000055063,0.000017688,-0.000017125
1573801667000,2019-11-15T15.07.47.000,18.548,0.000056125,0.000019500,-0.000016750
1573801667039,2019-11-15T15.07.47.039,18.587,0.000055063,0.000020250,-0.000016375
1573801667080,2019-11-15T15.07.47.080,18.628,0.000054688,0.000019125,-0.000016375
1573801667120,2019-11-15T15.07.47.120,18.668,0.000055812,0.000019500,-0.000017562
1573801667161,2019-11-15T15.07.47.161,18.709,0.000055812,0.000020250,-0.000016375
1573801667201,2019-11-15T15.07.47.201,18.749,0.000053937,0.000020937,-0.000016375
1573801667242,2019-11-15T15.07.47.242,18.790,0.000055438,0.000019875,-0.000016375
1573801667281,2019-11-15T15.07.47.281,18.829,0.000054312,0.000019500,-0.000017125
1573801667322,2019-11-15T15.07.47.322,18.870,0.000055438,0.000018750,-0.000016750
1573801667362,2019-11-15T15.07.47.362,18.910,0.000054312,0.000020250,-0.000015563
1573801667403,2019-11-15T15.07.47.403,18.951,0.000055812,0.000020250,-0.000016375
1573801667442,2019-11-15T15.07.47.442,18.990,0.000055438,0.000019500,-0.000015937
1573801667482,2019-11-15T15.07.47.482,19.030,0.000053937,0.000019500,-0.000015937
1573801667523,2019-11-15T15.07.47.523,19.071,0.000055812,0.000018750,-0.000015937
1573801667562,2019-11-15T15.07.47.562,19.110,0.000055063,0.000020937,-0.000015188
1573801667603,2019-11-15T15.07.47.603,19.151,0.000055438,0.000023562,-0.000015563
1573801667643,2019-11-15T15.07.47.643,19.191,0.000054688,0.000024250,-0.000016375
1573801667684,2019-11-15T15.07.47.684,19.232,0.000055812,0.000023562,-0.000019125
1573801667723,2019-11-15T15.07.47.723,19.271,0.000053563,0.000022813,-0.000019125
1573801667765,2019-11-15T15.07.47.765,19.313,0.000053937,0.000020937,-0.000019938
1573801667804,2019-11-15T15.07.47.804,19.352,0.000054688,0.000020625,-0.000018375
1573801667845,2019-11-15T15.07.47.845,19.393,0.000055063,0.000023188,-0.000016375
1573801667885,2019-11-15T15.07.47.885,19.433,0.000055063,0.000023188,-0.000016750
1573801667924,2019-11-15T15.07.47.924,19.472,0.000055438,0.000020625,-0.000015188
1573801667965,2019-11-15T15.07.47.965,19.513,0.000055063,0.000020625,-0.000015563
1573801668005,2019-11-15T15.07.48.005,19.553,0.000053937,0.000021687,-0.000018750
1573801668046,2019-11-15T15.07.48.046,19.594,0.000050250,0.000020937,-0.000025563
1573801668085,2019-11-15T15.07.48.085,19.633,0.000049562,0.000020937,-0.000031937
1573801668126,2019-11-15T15.07.48.126,19.674,0.000048062,0.000026500,-0.000032750
1573801668166,2019-11-15T15.07.48.166,19.714,0.000047000,0.000037500,-0.000033938
1573801668207,2019-11-15T15.07.48.207,19.755,0.000034500,0.000047375,-0.000037125
1573801668246,2019-11-15T15.07.48.246,19.794,0.000016125,0.000055875,-0.000031125
1573801668287,2019-11-15T15.07.48.287,19.835,0.000017625,0.000052563,-0.000035563
1573801668327,2019-11-15T15.07.48.327,19.875,0.000049937,0.000044812,-0.000023938
1573801668368,2019-11-15T15.07.48.368,19.916,0.000054688,0.000033437,-0.000016750
1573801668408,2019-11-15T15.07.48.408,19.956,0.000054688,0.000021313,-0.000009938
1573801668449,2019-11-15T15.07.48.449,19.997,0.000053937,0.000014000,-0.000008750
1573801668488,2019-11-15T15.07.48.488,20.036,0.000053937,0.000008500,-0.000006750
1573801668529,2019-11-15T15.07.48.529,20.077,0.000052500,0.000007375,-0.000007938
1573801668569,2019-11-15T15.07.48.569,20.117,0.000052875,0.000012125,-0.000007188
1573801668608,2019-11-15T15.07.48.608,20.156,0.000050625,0.000012500,-0.000009187
1573801668649,2019-11-15T15.07.48.649,20.197,0.000053188,0.000014375,-0.000011937
1573801668689,2019-11-15T15.07.48.689,20.237,0.000055438,0.000016187,-0.000013562
1573801668730,2019-11-15T15.07.48.730,20.278,0.000053937,0.000018000,-0.000017562
1573801668769,2019-11-15T15.07.48.769,20.317,0.000052125,0.000019500,-0.000018375
1573801668810,2019-11-15T15.07.48.810,20.358,0.000054312,0.000019875,-0.000019938
1573801668850,2019-11-15T15.07.48.850,20.398,0.000051000,0.000018375,-0.000021125
1573801668891,2019-11-15T15.07.48.891,20.439,0.000053188,0.000019875,-0.000019938
1573801668931,2019-11-15T15.07.48.931,20.479,0.000053188,0.000020625,-0.000015563
1573801668972,2019-11-15T15.07.48.972,20.520,0.000055063,0.000020937,-0.000015188
1573801669011,2019-11-15T15.07.49.011,20.559,0.000055812,0.000019125,-0.000014375
1573801669052,2019-11-15T15.07.49.052,20.600,0.000053937,0.000016563,-0.000013562
1573801669092,2019-11-15T15.07.49.092,20.640,0.000054312,0.000015813,-0.000014375
1573801669133,2019-11-15T15.07.49.133,20.681,0.000053188,0.000015063,-0.000014750
1573801669172,2019-11-15T15.07.49.172,20.720,0.000053563,0.000015063,-0.000015563
1573801669213,2019-11-15T15.07.49.213,20.761,0.000053937,0.000016187,-0.000016375
1573801669253,2019-11-15T15.07.49.253,20.801,0.000053563,0.000014375,-0.000015188
1573801669292,2019-11-15T15.07.49.292,20.840,0.000052875,0.000015063,-0.000017125
1573801669333,2019-11-15T15.07.49.333,20.881,0.000053563,0.000016187,-0.000018750
1573801669373,2019-11-15T15.07.49.373,20.921,0.000055063,0.000019125,-0.000018750
1573801669414,2019-11-15T15.07.49.414,20.962,0.000053937,0.000023875,-0.000016375
1573801669453,2019-11-15T15.07.49.453,21.001,0.000056500,0.000031250,-0.000014375
1573801669494,2019-11-15T15.07.49.494,21.042,0.000055812,0.000037125,-0.000012750
1573801669534,2019-11-15T15.07.49.534,21.082,0.000051375,0.000044125,-0.000012375
1573801669575,2019-11-15T15.07.49.575,21.123,0.000046250,0.000051062,-0.000013937
1573801669615,2019-11-15T15.07.49.615,21.163,0.000038187,0.000056938,-0.000012750
1573801669656,2019-11-15T15.07.49.656,21.204,0.000031563,0.000062812,-0.000011187
1573801669695,2019-11-15T15.07.49.695,21.243,0.000022000,0.000065750,-0.000006750
1573801669736,2019-11-15T15.07.49.736,21.284,0.000016125,0.000062438,0.000000375
1573801669776,2019-11-15T15.07.49.776,21.324,0.000007313,0.000059875,0.000004375
1573801669817,2019-11-15T15.07.49.817,21.365,0.000000688,0.000055125,0.000007188
1573801669856,2019-11-15T15.07.49.856,21.404,-0.000005187,0.000054375,0.000006750
1573801669896,2019-11-15T15.07.49.896,21.444,-0.000005187,0.000050313,0.000005938
1573801669937,2019-11-15T15.07.49.937,21.485,-0.000008500,0.000050313,0.000004375
1573801669976,2019-11-15T15.07.49.976,21.524,-0.000011437,0.000051437,-0.000002750
1573801670017,2019-11-15T15.07.50.017,21.565,-0.000016187,0.000048500,-0.000008750
1573801670057,2019-11-15T15.07.50.057,21.605,-0.000013625,0.000049250,-0.000012750
1573801670098,2019-11-15T15.07.50.098,21.646,-0.000015813,0.000045938,-0.000016375
1573801670138,2019-11-15T15.07.50.138,21.686,-0.000015813,0.000046312,-0.000017125
1573801670179,2019-11-15T15.07.50.179,21.727,-0.000016937,0.000044125,-0.000019188
1573801670218,2019-11-15T15.07.50.218,21.766,-0.000015813,0.000044438,-0.000018375
1573801670259,2019-11-15T15.07.50.259,21.807,-0.000016187,0.000045187,-0.000018375
1573801670299,2019-11-15T15.07.50.299,21.847,-0.000015813,0.000045563,-0.000018375
1573801670340,2019-11-15T15.07.50.340,21.888,-0.000014375,0.000044812,-0.000017125
1573801670379,2019-11-15T15.07.50.379,21.927,-0.000014375,0.000047062,-0.000017938
1573801670420,2019-11-15T15.07.50.420,21.968,-0.000013625,0.000046687,-0.000017562
1573801670460,2019-11-15T15.07.50.460,22.008,-0.000012875,0.000047375,-0.000017938
1573801670501,2019-11-15T15.07.50.501,22.049,-0.000010688,0.000048125,-0.000018750
1573801670540,2019-11-15T15.07.50.540,22.088,-0.000013250,0.000049625,-0.000019562
1573801670580,2019-11-15T15.07.50.580,22.128,-0.000013625,0.000047375,-0.000019188
1573801670621,2019-11-15T15.07.50.621,22.169,-0.000011437,0.000048500,-0.000018750
1573801670660,2019-11-15T15.07.50.660,22.208,-0.000008875,0.000049250,-0.000020750
1573801670702,2019-11-15T15.07.50.702,22.250,-0.000008875,0.000051813,-0.000021937
1573801670741,2019-11-15T15.07.50.741,22.289,-0.000010688,0.000050313,-0.000021937
1573801670782,2019-11-15T15.07.50.782,22.330,-0.000008875,0.000051437,-0.000020375
1573801670822,2019-11-15T15.07.50.822,22.370,-0.000008500,0.000052188,-0.000020750
1573801670863,2019-11-15T15.07.50.863,22.411,-0.000009938,0.000053625,-0.000020750
1573801670902,2019-11-15T15.07.50.902,22.450,-0.000007000,0.000054750,-0.000019938
1573801670943,2019-11-15T15.07.50.943,22.491,-0.000007375,0.000052937,-0.000019562
1573801670983,2019-11-15T15.07.50.983,22.531,-0.000006625,0.000053250,-0.000018375
1573801671024,2019-11-15T15.07.51.024,22.572,-0.000007000,0.000054375,-0.000018750
1573801671063,2019-11-15T15.07.51.063,22.611,-0.000008875,0.000053625,-0.000017938
1573801671104,2019-11-15T15.07.51.104,22.652,-0.000005938,0.000056938,-0.000017187
1573801671144,2019-11-15T15.07.51.144,22.692,-0.000007375,0.000054000,-0.000016750
1573801671183,2019-11-15T15.07.51.183,22.731,-0.000008125,0.000052937,-0.000016375
1573801671224,2019-11-15T15.07.51.224,22.772,-0.000009187,0.000052563,-0.000017562
1573801671264,2019-11-15T15.07.51.264,22.812,-0.000009563,0.000053250,-0.000016750
1573801671305,2019-11-15T15.07.51.305,22.853,-0.000007375,0.000054750,-0.000017125
1573801671345,2019-11-15T15.07.51.345,22.893,-0.000008875,0.000054750,-0.000016375
1573801671386,2019-11-15T15.07.51.386,22.934,-0.000008500,0.000053625,-0.000016375
1573801671425,2019-11-15T15.07.51.425,22.973,-0.000007750,0.000052937,-0.000017125
1573801671466,2019-11-15T15.07.51.466,23.014,-0.000008875,0.000053625,-0.000015188
1573801671506,2019-11-15T15.07.51.506,23.054,-0.000008875,0.000053625,-0.000016750
1573801671547,2019-11-15T15.07.51.547,23.095,-0.000010688,0.000052563,-0.000017187
1573801671586,2019-11-15T15.07.51.586,23.134,-0.000010313,0.000052937,-0.000016750
1573801671627,2019-11-15T15.07.51.627,23.175,-0.000010688,0.000052937,-0.000016375
1573801671667,2019-11-15T15.07.51.667,23.215,-0.000011062,0.000051813,-0.000015937
1573801671708,2019-11-15T15.07.51.708,23.256,-0.000007750,0.000051062,-0.000017125
1573801671747,2019-11-15T15.07.51.747,23.295,-0.000010313,0.000052563,-0.000017562
1573801671788,2019-11-15T15.07.51.788,23.336,-0.000009563,0.000054750,-0.000016750
1573801671828,2019-11-15T15.07.51.828,23.376,-0.000008875,0.000052188,-0.000017187
1573801671868,2019-11-15T15.07.51.868,23.416,-0.000009563,0.000055500,-0.000015937
1573801671909,2019-11-15T15.07.51.909,23.457,-0.000008500,0.000053625,-0.000015937
1573801671950,2019-11-15T15.07.51.950,23.498,-0.000007000,0.000054375,-0.000015188
1573801671989,2019-11-15T15.07.51.989,23.537,-0.000008500,0.000054000,-0.000015563
1573801672029,2019-11-15T15.07.52.029,23.577,-0.000008125,0.000055875,-0.000015188
1573801672070,2019-11-15T15.07.52.070,23.618,-0.000007750,0.000056563,-0.000015937
1573801672109,2019-11-15T15.07.52.109,23.657,-0.000008125,0.000055875,-0.000015563
1573801672150,2019-11-15T15.07.52.150,23.698,-0.000006625,0.000055125,-0.000016750
1573801672190,2019-11-15T15.07.52.190,23.738,-0.000006250,0.000054375,-0.000018375
1573801672231,2019-11-15T15.07.52.231,23.779,-0.000007000,0.000054375,-0.000018750
1573801672270,2019-11-15T15.07.52.270,23.818,-0.000008125,0.000053250,-0.000018750
1573801672311,2019-11-15T15.07.52.311,23.859,-0.000007375,0.000055500,-0.000021937
1573801672351,2019-11-15T15.07.52.351,23.899,-0.000005938,0.000051813,-0.000022750
1573801672392,2019-11-15T15.07.52.392,23.940,-0.000008500,0.000053250,-0.000023125
1573801672431,2019-11-15T15.07.52.431,23.979,-0.000007375,0.000050313,-0.000024375
1573801672473,2019-11-15T15.07.52.473,24.021,-0.000007375,0.000050000,-0.000025563
1573801672512,2019-11-15T15.07.52.512,24.060,-0.000005563,0.000048500,-0.000027563
1573801672552,2019-11-15T15.07.52.552,24.100,-0.000008125,0.000047062,-0.000028750
1573801672593,2019-11-15T15.07.52.593,24.141,-0.000004812,0.000046687,-0.000031563
1573801672632,2019-11-15T15.07.52.632,24.180,-0.000005187,0.000044812,-0.000031563
1573801672673,2019-11-15T15.07.52.673,24.221,-0.000005563,0.000044438,-0.000033938
1573801672713,2019-11-15T15.07.52.713,24.261,-0.000006250,0.000041875,-0.000035938
1573801672754,2019-11-15T15.07.52.754,24.302,-0.000004812,0.000041188,-0.000037125
1573801672793,2019-11-15T15.07.52.793,24.341,-0.000002250,0.000044125,-0.000037938
1573801672834,2019-11-15T15.07.52.834,24.382,-0.000002625,0.000039688,-0.000039562
1573801672874,2019-11-15T15.07.52.874,24.422,-0.000001500,0.000040437,-0.000039125
1573801672915,2019-11-15T15.07.52.915,24.463,0.000000312,0.000037875,-0.000041125
1573801672954,2019-11-15T15.07.52.954,24.502,0.000000000,0.000038938,-0.000040750
1573801672995,2019-11-15T15.07.52.995,24.543,0.000002188,0.000038938,-0.000041562
1573801673035,2019-11-15T15.07.53.035,24.583,0.000001813,0.000036375,-0.000042750
1573801673076,2019-11-15T15.07.53.076,24.624,0.000001438,0.000037875,-0.000043125
1573801673116,2019-11-15T15.07.53.116,24.664,0.000001438,0.000038562,-0.000042750
1573801673157,2019-11-15T15.07.53.157,24.705,0.000005875,0.000037875,-0.000042312
1573801673196,2019-11-15T15.07.53.196,24.744,0.000003625,0.000040062,-0.000041125
1573801673236,2019-11-15T15.07.53.236,24.784,0.000004375,0.000040813,-0.000041562
1573801673277,2019-11-15T15.07.53.277,24.825,0.000003625,0.000039313,-0.000041562
1573801673316,2019-11-15T15.07.53.316,24.864,0.000004000,0.000039688,-0.000040375
1573801673357,2019-11-15T15.07.53.357,24.905,0.000005125,0.000040437,-0.000040375
1573801673397,2019-11-15T15.07.53.397,24.945,0.000001063,0.000041500,-0.000040750
1573801673438,2019-11-15T15.07.53.438,24.986,0.000001063,0.000042250,-0.000040313
1573801673477,2019-11-15T15.07.53.477,25.025,0.000003250,0.000040062,-0.000041562
1573801673518,2019-11-15T15.07.53.518,25.066,0.000005125,0.000043000,-0.000041562
1573801673558,2019-11-15T15.07.53.558,25.106,0.000006562,0.000043000,-0.000041125
1573801673599,2019-11-15T15.07.53.599,25.147,0.000008437,0.000042625,-0.000041562
1573801673639,2019-11-15T15.07.53.639,25.187,0.000007313,0.000042250,-0.000041125
1573801673680,2019-11-15T15.07.53.680,25.228,0.000006938,0.000041500,-0.000040750
1573801673719,2019-11-15T15.07.53.719,25.267,0.000008437,0.000040062,-0.000041562
1573801673760,2019-11-15T15.07.53.760,25.308,0.000006938,0.000041875,-0.000040750
1573801673800,2019-11-15T15.07.53.800,25.348,0.000005125,0.000040062,-0.000041937
1573801673841,2019-11-15T15.07.53.841,25.389,0.000005500,0.000038562,-0.000042750
1573801673880,2019-11-15T15.07.53.880,25.428,0.000007688,0.000037875,-0.000042750
1573801673921,2019-11-15T15.07.53.921,25.469,0.000008812,0.000036375,-0.000044750
1573801673961,2019-11-15T15.07.53.961,25.509,0.000012062,0.000034563,-0.000044750
1573801674000,2019-11-15T15.07.54.000,25.548,0.000013937,0.000032000,-0.000045938
1573801674041,2019-11-15T15.07.54.041,25.589,0.000016500,0.000033063,-0.000044750
1573801674081,2019-11-15T15.07.54.081,25.629,0.000019062,0.000030125,-0.000045125
1573801674122,2019-11-15T15.07.54.122,25.670,0.000019438,0.000029062,-0.000045563
1573801674161,2019-11-15T15.07.54.161,25.709,0.000024938,0.000027937,-0.000045125
1573801674202,2019-11-15T15.07.54.202,25.750,0.000023812,0.000027563,-0.000045563
1573801674242,2019-11-15T15.07.54.242,25.790,0.000026750,0.000026813,-0.000044312
1573801674283,2019-11-15T15.07.54.283,25.831,0.000027500,0.000025375,-0.000043937
1573801674323,2019-11-15T15.07.54.323,25.871,0.000031563,0.000026500,-0.000043937
1573801674364,2019-11-15T15.07.54.364,25.912,0.000030813,0.000026500,-0.000042312
1573801674403,2019-11-15T15.07.54.403,25.951,0.000032625,0.000027937,-0.000042312
1573801674444,2019-11-15T15.07.54.444,25.992,0.000032312,0.000028312,-0.000042750
1573801674484,2019-11-15T15.07.54.484,26.032,0.000031937,0.000026500,-0.000043937
1573801674525,2019-11-15T15.07.54.525,26.073,0.000030062,0.000028312,-0.000043563
1573801674564,2019-11-15T15.07.54.564,26.112,0.000030062,0.000027937,-0.000043125
1573801674605,2019-11-15T15.07.54.605,26.153,0.000031188,0.000030500,-0.000042375
1573801674645,2019-11-15T15.07.54.645,26.193,0.000031188,0.000027187,-0.000043125
1573801674686,2019-11-15T15.07.54.686,26.234,0.000032625,0.000030875,-0.000042750
1573801674725,2019-11-15T15.07.54.725,26.273,0.000029000,0.000030125,-0.000042312
1573801674765,2019-11-15T15.07.54.765,26.313,0.000025687,0.000029438,-0.000043125
1573801674806,2019-11-15T15.07.54.806,26.354,0.000022750,0.000029438,-0.000044750
1573801674846,2019-11-15T15.07.54.846,26.394,0.000018688,0.000028688,-0.000045125
1573801674887,2019-11-15T15.07.54.887,26.435,0.000022000,0.000028688,-0.000044312
1573801674926,2019-11-15T15.07.54.926,26.474,0.000021250,0.000028312,-0.000044750
1573801674967,2019-11-15T15.07.54.967,26.515,0.000023812,0.000027563,-0.000042750
1573801675007,2019-11-15T15.07.55.007,26.555,0.000022375,0.000025750,-0.000044750
1573801675048,2019-11-15T15.07.55.048,26.596,0.000019438,0.000023875,-0.000043937
1573801675087,2019-11-15T15.07.55.087,26.635,0.000019438,0.000025000,-0.000043937
1573801675128,2019-11-15T15.07.55.128,26.676,0.000018312,0.000024625,-0.000043563
1573801675168,2019-11-15T15.07.55.168,26.716,0.000018688,0.000024625,-0.000044312
1573801675209,2019-11-15T15.07.55.209,26.757,0.000020563,0.000026813,-0.000043125
1573801675248,2019-11-15T15.07.55.248,26.796,0.000020187,0.000025750,-0.000043563
1573801675289,2019-11-15T15.07.55.289,26.837,0.000023812,0.000024250,-0.000043125
1573801675329,2019-11-15T15.07.55.329,26.877,0.000024188,0.000025375,-0.000043125
1573801675369,2019-11-15T15.07.55.369,26.917,0.000026063,0.000024625,-0.000041937
1573801675410,2019-11-15T15.07.55.410,26.958,0.000029688,0.000025375,-0.000042312
1573801675449,2019-11-15T15.07.55.449,26.997,0.000028625,0.000023188,-0.000041937
1573801675490,2019-11-15T15.07.55.490,27.038,0.000028250,0.000025000,-0.000041125
1573801675530,2019-11-15T15.07.55.530,27.078,0.000031937,0.000022813,-0.000040313
1573801675571,2019-11-15T15.07.55.571,27.119,0.000033375,0.000023562,-0.000040750
1573801675610,2019-11-15T15.07.55.610,27.158,0.000035563,0.000023875,-0.000039188
1573801675651,2019-11-15T15.07.55.651,27.199,0.000034500,0.000024625,-0.000039125
1573801675691,2019-11-15T15.07.55.691,27.239,0.000033750,0.000023875,-0.000039125
1573801675732,2019-11-15T15.07.55.732,27.280,0.000035250,0.000023562,-0.000037562
1573801675771,2019-11-15T15.07.55.771,27.319,0.000035563,0.000025000,-0.000038750
1573801675812,2019-11-15T15.07.55.812,27.360,0.000036687,0.000024625,-0.000038375
1573801675852,2019-11-15T15.07.55.852,27.400,0.000034875,0.000026500,-0.000037938
1573801675893,2019-11-15T15.07.55.893,27.441,0.000035563,0.000026125,-0.000038375
1573801675932,2019-11-15T15.07.55.932,27.480,0.000035563,0.000025750,-0.000039937
1573801675972,2019-11-15T15.07.55.972,27.520,0.000034500,0.000027187,-0.000040313
1573801676013,2019-11-15T15.07.56.013,27.561,0.000032312,0.000026813,-0.000039125
1573801676053,2019-11-15T15.07.56.053,27.601,0.000031563,0.000028312,-0.000040750
1573801676094,2019-11-15T15.07.56.094,27.642,0.000029688,0.000027937,-0.000040750
1573801676133,2019-11-15T15.07.56.133,27.681,0.000028625,0.000029062,-0.000040750
1573801676174,2019-11-15T15.07.56.174,27.722,0.000025312,0.000027937,-0.000042312
1573801676214,2019-11-15T15.07.56.214,27.762,0.000022750,0.000029438,-0.000042312
1573801676255,2019-11-15T15.07.56.255,27.803,0.000021250,0.000026813,-0.000042750
1573801676294,2019-11-15T15.07.56.294,27.842,0.000019812,0.000025000,-0.000043125
1573801676335,2019-11-15T15.07.56.335,27.883,0.000017625,0.000027563,-0.000043563
1573801676375,2019-11-15T15.07.56.375,27.923,0.000018688,0.000025000,-0.000043125
1573801676416,2019-11-15T15.07.56.416,27.964,0.000019062,0.000024625,-0.000042750
1573801676455,2019-11-15T15.07.56.455,28.003,0.000018688,0.000026125,-0.000043125
1573801676496,2019-11-15T15.07.56.496,28.044,0.000017625,0.000027563,-0.000042312
1573801676536,2019-11-15T15.07.56.536,28.084,0.000015375,0.000029062,-0.000043937
1573801676577,2019-11-15T15.07.56.577,28.125,0.000015750,0.000027937,-0.000042750
1573801676617,2019-11-15T15.07.56.617,28.165,0.000012813,0.000028312,-0.000043125
1573801676658,2019-11-15T15.07.56.658,28.206,0.000012438,0.000029438,-0.000041937
1573801676697,2019-11-15T15.07.56.697,28.245,0.000012813,0.000030125,-0.000043563
1573801676737,2019-11-15T15.07.56.737,28.285,0.000012062,0.000030500,-0.000042312
1573801676778,2019-11-15T15.07.56.778,28.326,0.000016125,0.000030875,-0.000043563
1573801676817,2019-11-15T15.07.56.817,28.365,0.000015750,0.000030125,-0.000043125
1573801676858,2019-11-15T15.07.56.858,28.406,0.000016500,0.000029062,-0.000043125
1573801676898,2019-11-15T15.07.56.898,28.446,0.000016125,0.000029750,-0.000041937
1573801676939,2019-11-15T15.07.56.939,28.487,0.000017625,0.000027187,-0.000042312
1573801676978,2019-11-15T15.07.56.978,28.526,0.000020187,0.000025375,-0.000043125
1573801677019,2019-11-15T15.07.57.019,28.567,0.000022000,0.000026500,-0.000043563
1573801677059,2019-11-15T15.07.57.059,28.607,0.000023812,0.000026125,-0.000042312
1573801677100,2019-11-15T15.07.57.100,28.648,0.000024562,0.000025375,-0.000042375
1573801677140,2019-11-15T15.07.57.140,28.688,0.000026750,0.000024625,-0.000041562
1573801677181,2019-11-15T15.07.57.181,28.729,0.000027500,0.000025750,-0.000042312
1573801677220,2019-11-15T15.07.57.220,28.768,0.000024188,0.000025750,-0.000041562
1573801677261,2019-11-15T15.07.57.261,28.809,0.000025312,0.000025000,-0.000042312
1573801677301,2019-11-15T15.07.57.301,28.849,0.000026063,0.000025750,-0.000042312
1573801677340,2019-11-15T15.07.57.340,28.888,0.000025687,0.000026813,-0.000042312
1573801677381,2019-11-15T15.07.57.381,28.929,0.000024938,0.000027937,-0.000042375
1573801677421,2019-11-15T15.07.57.421,28.969,0.000023812,0.000028688,-0.000041937
1573801677462,2019-11-15T15.07.57.462,29.010,0.000023500,0.000026500,-0.000042750
1573801677501,2019-11-15T15.07.57.501,29.049,0.000023500,0.000026813,-0.000043125
1573801677542,2019-11-15T15.07.57.542,29.090,0.000022750,0.000027937,-0.000043937
1573801677582,2019-11-15T15.07.57.582,29.130,0.000021250,0.000029062,-0.000043188
1573801677623,2019-11-15T15.07.57.623,29.171,0.000020563,0.000027937,-0.000043937
1573801677662,2019-11-15T15.07.57.662,29.210,0.000019438,0.000027937,-0.000043937
1573801677703,2019-11-15T15.07.57.703,29.251,0.000018688,0.000030500,-0.000043125
1573801677743,2019-11-15T15.07.57.743,29.291,0.000016500,0.000030500,-0.000044375
1573801677784,2019-11-15T15.07.57.784,29.332,0.000013562,0.000033437,-0.000043937
1573801677824,2019-11-15T15.07.57.824,29.372,0.000013188,0.000033812,-0.000043937
1573801677865,2019-11-15T15.07.57.865,29.413,0.000008437,0.000035312,-0.000041562
1573801677904,2019-11-15T15.07.57.904,29.452,0.000005500,0.000037875,-0.000040375
1573801677944,2019-11-15T15.07.57.944,29.492,-0.000001125,0.000042250,-0.000037125
1573801677985,2019-11-15T15.07.57.985,29.533,-0.000006250,0.000041875,-0.000031125
1573801678024,2019-11-15T15.07.58.024,29.572,-0.000009563,0.000045563,-0.000025125
1573801678065,2019-11-15T15.07.58.065,29.613,-0.000013625,0.000047750,-0.000018750
1573801678105,2019-11-15T15.07.58.105,29.653,-0.000013625,0.000047750,-0.000015188
1573801678146,2019-11-15T15.07.58.146,29.694,-0.000013625,0.000050313,-0.000013562
1573801678185,2019-11-15T15.07.58.185,29.733,-0.000010688,0.000051813,-0.000017562
1573801678226,2019-11-15T15.07.58.226,29.774,-0.000008500,0.000053250,-0.000022750
1573801678266,2019-11-15T15.07.58.266,29.814,-0.000003688,0.000055875,-0.000025563
1573801678307,2019-11-15T15.07.58.307,29.855,-0.000001500,0.000056187,-0.000026750
1573801678347,2019-11-15T15.07.58.347,29.895,-0.000000750,0.000056187,-0.000024750
1573801678388,2019-11-15T15.07.58.388,29.936,-0.000003312,0.000055125,-0.000022375
1573801678427,2019-11-15T15.07.58.427,29.975,-0.000004063,0.000055125,-0.000017938
1573801678468,2019-11-15T15.07.58.468,30.016,-0.000004063,0.000054750,-0.000016375
1573801678508,2019-11-15T15.07.58.508,30.056,-0.000007000,0.000055875,-0.000013562
1573801678547,2019-11-15T15.07.58.547,30.095,-0.000008500,0.000052937,-0.000010750
1573801678588,2019-11-15T15.07.58.588,30.136,-0.000007375,0.000053250,-0.000007938
1573801678628,2019-11-15T15.07.58.628,30.176,-0.000007000,0.000052563,-0.000005938
1573801678669,2019-11-15T15.07.58.669,30.217,-0.000007750,0.000049250,-0.000005563
1573801678708,2019-11-15T15.07.58.708,30.256,-0.000006250,0.000052563,-0.000005563
1573801678749,2019-11-15T15.07.58.749,30.297,-0.000005187,0.000054000,-0.000004375
1573801678789,2019-11-15T15.07.58.789,30.337,0.000000000,0.000055875,-0.000002375
1573801678830,2019-11-15T15.07.58.830,30.378,0.000005875,0.000057312,-0.000003187
1573801678869,2019-11-15T15.07.58.869,30.417,0.000012438,0.000058438,-0.000004375
1573801678910,2019-11-15T15.07.58.910,30.458,0.000019438,0.000059125,-0.000005187
1573801678950,2019-11-15T15.07.58.950,30.498,0.000028250,0.000059500,-0.000007938
1573801678991,2019-11-15T15.07.58.991,30.539,0.000035250,0.000054000,-0.000007562
1573801679031,2019-11-15T15.07.59.031,30.579,0.000044375,0.000049625,-0.000007938
1573801679072,2019-11-15T15.07.59.072,30.620,0.000048062,0.000044125,-0.000006375
1573801679111,2019-11-15T15.07.59.111,30.659,0.000050625,0.000040813,-0.000004750
1573801679152,2019-11-15T15.07.59.152,30.700,0.000052500,0.000033812,-0.000003937
1573801679192,2019-11-15T15.07.59.192,30.740,0.000051000,0.000029438,-0.000005563
1573801679231,2019-11-15T15.07.59.231,30.779,0.000052875,0.000027187,-0.000005187
1573801679272,2019-11-15T15.07.59.272,30.820,0.000052500,0.000027187,-0.000007188
1573801679312,2019-11-15T15.07.59.312,30.860,0.000050250,0.000026813,-0.000006375
1573801679353,2019-11-15T15.07.59.353,30.901,0.000051000,0.000026813,-0.000005187
1573801679394,2019-11-15T15.07.59.394,30.942,0.000049562,0.000026813,-0.000004375
1573801679433,2019-11-15T15.07.59.433,30.981,0.000048438,0.000026500,-0.000005187
1573801679473,2019-11-15T15.07.59.473,31.021,0.000051750,0.000027937,-0.000006750
1573801679514,2019-11-15T15.07.59.514,31.062,0.000051375,0.000027563,-0.000007938
1573801679554,2019-11-15T15.07.59.554,31.102,0.000053563,0.000028312,-0.000008375
1573801679595,2019-11-15T15.07.59.595,31.143,0.000052875,0.000030125,-0.000009187
1573801679634,2019-11-15T15.07.59.634,31.182,0.000052875,0.000029750,-0.000011187
1573801679675,2019-11-15T15.07.59.675,31.223,0.000051750,0.000027937,-0.000011937
1573801679715,2019-11-15T15.07.59.715,31.263,0.000052500,0.000025375,-0.000011937
1573801679756,2019-11-15T15.07.59.756,31.304,0.000054688,0.000027187,-0.000013562
1573801679795,2019-11-15T15.07.59.795,31.343,0.000052500,0.000028688,-0.000014750
1573801679835,2019-11-15T15.07.59.835,31.383,0.000051375,0.000027937,-0.000013562
1573801679876,2019-11-15T15.07.59.876,31.424,0.000051750,0.000029062,-0.000014375
1573801679915,2019-11-15T15.07.59.915,31.463,0.000051750,0.000029062,-0.000013937
1573801679956,2019-11-15T15.07.59.956,31.504,0.000052500,0.000032000,-0.000013937
1573801679996,2019-11-15T15.07.59.996,31.544,0.000051375,0.000029062,-0.000014375
1573801680037,2019-11-15T15.08.00.037,31.585,0.000051000,0.000030125,-0.000013188
1573801680077,2019-11-15T15.08.00.077,31.625,0.000052500,0.000031625,-0.000013188
1573801680118,2019-11-15T15.08.00.118,31.666,0.000051750,0.000031625,-0.000013188
1573801680157,2019-11-15T15.08.00.157,31.705,0.000053563,0.000031250,-0.000013562
1573801680198,2019-11-15T15.08.00.198,31.746,0.000050625,0.000032688,-0.000013937
1573801680238,2019-11-15T15.08.00.238,31.786,0.000051375,0.000031250,-0.000012750
1573801680279,2019-11-15T15.08.00.279,31.827,0.000050250,0.000030875,-0.000013937
1573801680318,2019-11-15T15.08.00.318,31.866,0.000051000,0.000030125,-0.000012375
1573801680358,2019-11-15T15.08.00.358,31.906,0.000053188,0.000032000,-0.000012375
1573801680399,2019-11-15T15.08.00.399,31.947,0.000052125,0.000030125,-0.000011187
1573801680438,2019-11-15T15.08.00.438,31.986,0.000052125,0.000031250,-0.000011937
1573801680479,2019-11-15T15.08.00.479,32.027,0.000052125,0.000029750,-0.000012375
1573801680519,2019-11-15T15.08.00.519,32.067,0.000052500,0.000030500,-0.000011937
1573801680560,2019-11-15T15.08.00.560,32.108,0.000050625,0.000033063,-0.000012750
1573801680599,2019-11-15T15.08.00.599,32.147,0.000051000,0.000030125,-0.000011562
1573801680640,2019-11-15T15.08.00.640,32.188,0.000051000,0.000033063,-0.000010375
1573801680680,2019-11-15T15.08.00.680,32.228,0.000050625,0.000032000,-0.000006750
1573801680721,2019-11-15T15.08.00.721,32.269,0.000051375,0.000033437,-0.000007188
1573801680761,2019-11-15T15.08.00.761,32.309,0.000049562,0.000034938,-0.000006375
1573801680802,2019-11-15T15.08.00.802,32.350,0.000050250,0.000040062,-0.000004375
1573801680841,2019-11-15T15.08.00.841,32.389,0.000048062,0.000042625,-0.000005563
1573801680882,2019-11-15T15.08.00.882,32.430,0.000042188,0.000047750,-0.000006375
1573801680922,2019-11-15T15.08.00.922,32.470,0.000038187,0.000052188,-0.000007562
1573801680961,2019-11-15T15.08.00.961,32.509,0.000031937,0.000055875,-0.000007938
1573801681002,2019-11-15T15.08.01.002,32.550,0.000026437,0.000056938,-0.000006375
1573801681042,2019-11-15T15.08.01.042,32.590,0.000020875,0.000059500,-0.000004375
1573801681083,2019-11-15T15.08.01.083,32.631,0.000014687,0.000058438,-0.000001562
1573801681122,2019-11-15T15.08.01.122,32.670,0.000011000,0.000058813,0.000001187
1573801681163,2019-11-15T15.08.01.163,32.711,0.000005875,0.000058062,0.000000375
1573801681203,2019-11-15T15.08.01.203,32.751,0.000002188,0.000055500,-0.000000750
1573801681244,2019-11-15T15.08.01.244,32.792,0.000002188,0.000054750,-0.000003563
1573801681284,2019-11-15T15.08.01.284,32.832,0.000004750,0.000056563,-0.000004750
1573801681325,2019-11-15T15.08.01.325,32.873,0.000008812,0.000059187,-0.000008375
1573801681364,2019-11-15T15.08.01.364,32.912,0.000015000,0.000061000,-0.000009938
1573801681405,2019-11-15T15.08.01.405,32.953,0.000024562,0.000059500,-0.000009563
1573801681445,2019-11-15T15.08.01.445,32.993,0.000032312,0.000055875,-0.000005563
1573801681484,2019-11-15T15.08.01.484,33.032,0.000039625,0.000053250,-0.000002750
1573801681525,2019-11-15T15.08.01.525,33.073,0.000044750,0.000045938,-0.000002750
1573801681565,2019-11-15T15.08.01.565,33.113,0.000048438,0.000038562,-0.000002375
1573801681606,2019-11-15T15.08.01.606,33.154,0.000051000,0.000034938,-0.000002750
1573801681645,2019-11-15T15.08.01.645,33.193,0.000050625,0.000033812,-0.000003187
1573801681686,2019-11-15T15.08.01.686,33.234,0.000051000,0.000030125,-0.000002375
1573801681726,2019-11-15T15.08.01.726,33.274,0.000052500,0.000032375,-0.000001937
1573801681767,2019-11-15T15.08.01.767,33.315,0.000048813,0.000031250,0.000000000
1573801681806,2019-11-15T15.08.01.806,33.354,0.000051750,0.000033063,-0.000001562
1573801681848,2019-11-15T15.08.01.848,33.396,0.000049562,0.000033437,-0.000002750
1573801681887,2019-11-15T15.08.01.887,33.435,0.000051000,0.000035625,-0.000002750
1573801681928,2019-11-15T15.08.01.928,33.476,0.000050250,0.000037500,-0.000004375
1573801681968,2019-11-15T15.08.01.968,33.516,0.000051750,0.000036375,-0.000003937
1573801682009,2019-11-15T15.08.02.009,33.557,0.000049937,0.000036000,-0.000005938
1573801682048,2019-11-15T15.08.02.048,33.596,0.000052500,0.000034187,-0.000005563
1573801682088,2019-11-15T15.08.02.088,33.636,0.000051750,0.000033063,-0.000005563
1573801682129,2019-11-15T15.08.02.129,33.677,0.000050625,0.000032688,-0.000005938
1573801682168,2019-11-15T15.08.02.168,33.716,0.000051000,0.000033812,-0.000005938
1573801682209,2019-11-15T15.08.02.209,33.757,0.000051375,0.000032375,-0.000007188
1573801682249,2019-11-15T15.08.02.249,33.797,0.000050625,0.000033063,-0.000007562
1573801682290,2019-11-15T15.08.02.290,33.838,0.000051375,0.000032375,-0.000005187
1573801682329,2019-11-15T15.08.02.329,33.877,0.000051750,0.000033437,-0.000006375
1573801682370,2019-11-15T15.08.02.370,33.918,0.000051750,0.000029750,-0.000011187
1573801682410,2019-11-15T15.08.02.410,33.958,0.000049937,0.000029438,-0.000019125
1573801682451,2019-11-15T15.08.02.451,33.999,0.000045875,0.000028312,-0.000026750
1573801682491,2019-11-15T15.08.02.491,34.039,0.000044375,0.000033812,-0.000029125
1573801682532,2019-11-15T15.08.02.532,34.080,0.000042937,0.000038250,-0.000030375
1573801682571,2019-11-15T15.08.02.571,34.119,0.000036313,0.000043000,-0.000033125
1573801682611,2019-11-15T15.08.02.611,34.159,0.000028250,0.000047062,-0.000032312
1573801682652,2019-11-15T15.08.02.652,34.200,0.000019812,0.000051813,-0.000031125
1573801682691,2019-11-15T15.08.02.691,34.239,0.000011375,0.000052937,-0.000028750
1573801682732,2019-11-15T15.08.02.732,34.280,0.000008812,0.000052563,-0.000027187
1573801682772,2019-11-15T15.08.02.772,34.320,0.000010625,0.000051437,-0.000027563
1573801682813,2019-11-15T15.08.02.813,34.361,0.000018312,0.000052937,-0.000028375
1573801682852,2019-11-15T15.08.02.852,34.400,0.000030813,0.000050313,-0.000027937
1573801682893,2019-11-15T15.08.02.893,34.441,0.000037438,0.000048875,-0.000025563
1573801682933,2019-11-15T15.08.02.933,34.481,0.000045500,0.000045938,-0.000018375
1573801682974,2019-11-15T15.08.02.974,34.522,0.000049562,0.000038250,-0.000011937
1573801683014,2019-11-15T15.08.03.014,34.562,0.000053188,0.000034938,-0.000009187
1573801683055,2019-11-15T15.08.03.055,34.603,0.000051750,0.000029750,-0.000009938
1573801683094,2019-11-15T15.08.03.094,34.642,0.000051000,0.000025375,-0.000012750
1573801683135,2019-11-15T15.08.03.135,34.683,0.000049937,0.000023562,-0.000013125
1573801683175,2019-11-15T15.08.03.175,34.723,0.000052500,0.000025375,-0.000008375
1573801683214,2019-11-15T15.08.03.214,34.762,0.000050250,0.000027187,-0.000003563
1573801683255,2019-11-15T15.08.03.255,34.803,0.000048062,0.000033437,0.000000750
1573801683295,2019-11-15T15.08.03.295,34.843,0.000047000,0.000038562,0.000001562
1573801683336,2019-11-15T15.08.03.336,34.884,0.000043312,0.000044438,0.000000375
1573801683375,2019-11-15T15.08.03.375,34.923,0.000037062,0.000050000,-0.000000375
1573801683416,2019-11-15T15.08.03.416,34.964,0.000030438,0.000054750,-0.000000375
1573801683456,2019-11-15T15.08.03.456,35.004,0.000022750,0.000058813,0.000000375
1573801683497,2019-11-15T15.08.03.497,35.045,0.000015000,0.000057312,0.000002750
1573801683536,2019-11-15T15.08.03.536,35.084,0.000012813,0.000054750,0.000007188
1573801683577,2019-11-15T15.08.03.577,35.125,0.000016500,0.000050313,0.000013562
1573801683617,2019-11-15T15.08.03.617,35.165,0.000018688,0.000048500,0.000015563
1573801683658,2019-11-15T15.08.03.658,35.206,0.000016875,0.000044812,0.000016375
1573801683698,2019-11-15T15.08.03.698,35.246,0.000015375,0.000046687,0.000017125
1573801683739,2019-11-15T15.08.03.739,35.287,0.000011000,0.000044812,0.000015937
1573801683778,2019-11-15T15.08.03.778,35.326,0.000009125,0.000044438,0.000017562
1573801683819,2019-11-15T15.08.03.819,35.367,0.000012062,0.000042250,0.000017938
1573801683859,2019-11-15T15.08.03.859,35.407,0.000013937,0.000041188,0.000018750
1573801683898,2019-11-15T15.08.03.898,35.446,0.000019812,0.000041875,0.000019125
1573801683939,2019-11-15T15.08.03.939,35.487,0.000022000,0.000043000,0.000019125
1573801683980,2019-11-15T15.08.03.980,35.528,0.000024938,0.000042625,0.000019938
1573801684020,2019-11-15T15.08.04.020,35.568,0.000027500,0.000039688,0.000019562
1573801684059,2019-11-15T15.08.04.059,35.607,0.000030813,0.000040062,0.000018750
1573801684100,2019-11-15T15.08.04.100,35.648,0.000033375,0.000040062,0.000017562
1573801684140,2019-11-15T15.08.04.140,35.688,0.000033375,0.000037875,0.000017187
1573801684181,2019-11-15T15.08.04.181,35.729,0.000037438,0.000038938,0.000015563
1573801684221,2019-11-15T15.08.04.221,35.769,0.000040000,0.000037875,0.000015563
1573801684262,2019-11-15T15.08.04.262,35.810,0.000041125,0.000036000,0.000012375
1573801684301,2019-11-15T15.08.04.301,35.849,0.000045875,0.000034938,0.000011937
1573801684342,2019-11-15T15.08.04.342,35.890,0.000047313,0.000035625,0.000008375
1573801684382,2019-11-15T15.08.04.382,35.930,0.000047687,0.000032688,0.000005938
1573801684423,2019-11-15T15.08.04.423,35.971,0.000050625,0.000029062,0.000005563
1573801684462,2019-11-15T15.08.04.462,36.010,0.000050625,0.000026500,0.000002750
1573801684502,2019-11-15T15.08.04.502,36.050,0.000049937,0.000022437,0.000001937
1573801684543,2019-11-15T15.08.04.543,36.091,0.000048438,0.000017688,-0.000001187
1573801684582,2019-11-15T15.08.04.582,36.130,0.000049562,0.000014000,-0.000004375
1573801684623,2019-11-15T15.08.04.623,36.171,0.000048813,0.000013250,-0.000008375
1573801684663,2019-11-15T15.08.04.663,36.211,0.000048062,0.000011062,-0.000010375
1573801684704,2019-11-15T15.08.04.704,36.252,0.000045875,0.000006625,-0.000013562
1573801684744,2019-11-15T15.08.04.744,36.292,0.000044750,0.000005938,-0.000016750
1573801684785,2019-11-15T15.08.04.785,36.333,0.000043312,0.000005938,-0.000019938
1573801684824,2019-11-15T15.08.04.824,36.372,0.000043312,0.000008125,-0.000021937
1573801684865,2019-11-15T15.08.04.865,36.413,0.000044375,0.000007750,-0.000020750
1573801684905,2019-11-15T15.08.04.905,36.453,0.000046250,0.000009563,-0.000021937
1573801684946,2019-11-15T15.08.04.946,36.494,0.000047687,0.000011062,-0.000019938
1573801684985,2019-11-15T15.08.04.985,36.533,0.000050625,0.000014000,-0.000018750
1573801685026,2019-11-15T15.08.05.026,36.574,0.000050250,0.000016563,-0.000017938
1573801685066,2019-11-15T15.08.05.066,36.614,0.000049937,0.000022063,-0.000018750
1573801685105,2019-11-15T15.08.05.105,36.653,0.000051000,0.000026813,-0.000017938
1573801685146,2019-11-15T15.08.05.146,36.694,0.000051375,0.000027937,-0.000020375
1573801685186,2019-11-15T15.08.05.186,36.734,0.000051750,0.000029750,-0.000019125
1573801685227,2019-11-15T15.08.05.227,36.775,0.000050625,0.000030875,-0.000017125
1573801685266,2019-11-15T15.08.05.266,36.814,0.000051750,0.000030875,-0.000017187
1573801685307,2019-11-15T15.08.05.307,36.855,0.000053250,0.000029750,-0.000016375
1573801685347,2019-11-15T15.08.05.347,36.895,0.000051375,0.000032375,-0.000017938
1573801685388,2019-11-15T15.08.05.388,36.936,0.000050625,0.000028688,-0.000019562
1573801685428,2019-11-15T15.08.05.428,36.976,0.000049562,0.000027187,-0.000021563
1573801685469,2019-11-15T15.08.05.469,37.017,0.000049937,0.000026813,-0.000023125
1573801685508,2019-11-15T15.08.05.508,37.056,0.000048062,0.000024250,-0.000025563
1573801685549,2019-11-15T15.08.05.549,37.097,0.000043312,0.000023188,-0.000028375
1573801685589,2019-11-15T15.08.05.589,37.137,0.000045875,0.000022063,-0.000031563
1573801685628,2019-11-15T15.08.05.628,37.176,0.000040000,0.000020250,-0.000033125
1573801685669,2019-11-15T15.08.05.669,37.217,0.000038187,0.000019875,-0.000036313
1573801685709,2019-11-15T15.08.05.709,37.257,0.000033000,0.000019500,-0.000038313
1573801685750,2019-11-15T15.08.05.750,37.298,0.000027875,0.000020937,-0.000040750
1573801685789,2019-11-15T15.08.05.789,37.337,0.000025687,0.000020250,-0.000039937
1573801685830,2019-11-15T15.08.05.830,37.378,0.000025687,0.000019500,-0.000041937
1573801685870,2019-11-15T15.08.05.870,37.418,0.000025312,0.000020250,-0.000041125
1573801685911,2019-11-15T15.08.05.911,37.459,0.000028250,0.000022437,-0.000041125
1573801685951,2019-11-15T15.08.05.951,37.499,0.000025312,0.000022063,-0.000040750
1573801685992,2019-11-15T15.08.05.992,37.540,0.000026063,0.000021687,-0.000042312
1573801686031,2019-11-15T15.08.06.031,37.579,0.000022000,0.000026500,-0.000043125
1573801686072,2019-11-15T15.08.06.072,37.620,0.000022000,0.000026500,-0.000041937
1573801686112,2019-11-15T15.08.06.112,37.660,0.000019438,0.000027563,-0.000042750
1573801686151,2019-11-15T15.08.06.151,37.699,0.000016500,0.000028688,-0.000043563
1573801686192,2019-11-15T15.08.06.192,37.740,0.000016875,0.000029438,-0.000042750
1573801686232,2019-11-15T15.08.06.232,37.780,0.000017938,0.000027937,-0.000043125
1573801686273,2019-11-15T15.08.06.273,37.821,0.000015750,0.000028688,-0.000044312
1573801686312,2019-11-15T15.08.06.312,37.860,0.000016875,0.000029062,-0.000043563
1573801686353,2019-11-15T15.08.06.353,37.901,0.000017938,0.000029062,-0.000043125
1573801686393,2019-11-15T15.08.06.393,37.941,0.000018688,0.000029062,-0.000043937
1573801686434,2019-11-15T15.08.06.434,37.982,0.000018312,0.000026500,-0.000043937
1573801686473,2019-11-15T15.08.06.473,38.021,0.000017938,0.000028688,-0.000042750
1573801686515,2019-11-15T15.08.06.515,38.063,0.000020563,0.000027937,-0.000043937
1573801686554,2019-11-15T15.08.06.554,38.102,0.000022375,0.000027563,-0.000043563
1573801686595,2019-11-15T15.08.06.595,38.143,0.000023125,0.000025375,-0.000043937
1573801686635,2019-11-15T15.08.06.635,38.183,0.000020875,0.000027187,-0.000043937
1573801686676,2019-11-15T15.08.06.676,38.224,0.000025312,0.000025375,-0.000043563
1573801686715,2019-11-15T15.08.06.715,38.263,0.000027500,0.000025750,-0.000042750
1573801686755,2019-11-15T15.08.06.755,38.303,0.000030813,0.000023875,-0.000040750
1573801686796,2019-11-15T15.08.06.796,38.344,0.000035563,0.000023562,-0.000040375
1573801686835,2019-11-15T15.08.06.835,38.383,0.000039250,0.000022063,-0.000037938
1573801686876,2019-11-15T15.08.06.876,38.424,0.000042188,0.000019500,-0.000036750
1573801686916,2019-11-15T15.08.06.916,38.464,0.000044375,0.000018375,-0.000033563
1573801686957,2019-11-15T15.08.06.957,38.505,0.000044063,0.000019500,-0.000032750
1573801686996,2019-11-15T15.08.06.996,38.544,0.000044063,0.000020250,-0.000034750
1573801687037,2019-11-15T15.08.07.037,38.585,0.000039250,0.000020937,-0.000036375
1573801687077,2019-11-15T15.08.07.077,38.625,0.000039625,0.000019875,-0.000036313
1573801687118,2019-11-15T15.08.07.118,38.666,0.000041812,0.000022063,-0.000037938
1573801687158,2019-11-15T15.08.07.158,38.706,0.000039250,0.000020937,-0.000037562
1573801687199,2019-11-15T15.08.07.199,38.747,0.000042188,0.000020937,-0.000037125
1573801687238,2019-11-15T15.08.07.238,38.786,0.000042563,0.000020937,-0.000037562
1573801687278,2019-11-15T15.08.07.278,38.826,0.000041437,0.000022063,-0.000036313
1573801687319,2019-11-15T15.08.07.319,38.867,0.000043688,0.000021313,-0.000036750
1573801687358,2019-11-15T15.08.07.358,38.906,0.000045125,0.000023188,-0.000035563
1573801687399,2019-11-15T15.08.07.399,38.947,0.000041437,0.000022063,-0.000036750
1573801687439,2019-11-15T15.08.07.439,38.987,0.000041812,0.000023188,-0.000035563
1573801687480,2019-11-15T15.08.07.480,39.028,0.000043688,0.000023875,-0.000035938
1573801687519,2019-11-15T15.08.07.519,39.067,0.000043312,0.000024625,-0.000035563
1573801687560,2019-11-15T15.08.07.560,39.108,0.000044750,0.000022063,-0.000034750
1573801687600,2019-11-15T15.08.07.600,39.148,0.000043312,0.000022063,-0.000035563
1573801687641,2019-11-15T15.08.07.641,39.189,0.000045125,0.000022437,-0.000035938
1573801687681,2019-11-15T15.08.07.681,39.229,0.000045500,0.000026125,-0.000035125
1573801687722,2019-11-15T15.08.07.722,39.270,0.000045125,0.000023875,-0.000034312
1573801687761,2019-11-15T15.08.07.761,39.309,0.000043688,0.000024625,-0.000034750
1573801687801,2019-11-15T15.08.07.801,39.349,0.000046250,0.000023875,-0.000033938
1573801687842,2019-11-15T15.08.07.842,39.390,0.000044063,0.000024250,-0.000035563
1573801687881,2019-11-15T15.08.07.881,39.429,0.000045125,0.000025375,-0.000035938
1573801687922,2019-11-15T15.08.07.922,39.470,0.000044750,0.000025750,-0.000035187
1573801687962,2019-11-15T15.08.07.962,39.510,0.000043312,0.000026125,-0.000035563
1573801688003,2019-11-15T15.08.08.003,39.551,0.000045875,0.000024250,-0.000035938
1573801688042,2019-11-15T15.08.08.042,39.590,0.000044063,0.000023188,-0.000036313
1573801688083,2019-11-15T15.08.08.083,39.631,0.000044063,0.000024250,-0.000035938
1573801688123,2019-11-15T15.08.08.123,39.671,0.000047000,0.000025000,-0.000036750
1573801688164,2019-11-15T15.08.08.164,39.712,0.000046250,0.000023562,-0.000035563
1573801688203,2019-11-15T15.08.08.203,39.751,0.000044750,0.000023562,-0.000035125
1573801688244,2019-11-15T15.08.08.244,39.792,0.000044750,0.000024625,-0.000034750
1573801688284,2019-11-15T15.08.08.284,39.832,0.000044750,0.000023562,-0.000036750
1573801688325,2019-11-15T15.08.08.325,39.873,0.000041812,0.000025000,-0.000034312
1573801688365,2019-11-15T15.08.08.365,39.913,0.000042188,0.000025000,-0.000035938
1573801688404,2019-11-15T15.08.08.404,39.952,0.000044750,0.000026125,-0.000033938
1573801688445,2019-11-15T15.08.08.445,39.993,0.000044750,0.000023875,-0.000036750
1573801688485,2019-11-15T15.08.08.485,40.033,0.000044750,0.000025750,-0.000035125
1573801688526,2019-11-15T15.08.08.526,40.074,0.000042563,0.000024250,-0.000035938
1573801688567,2019-11-15T15.08.08.567,40.115,0.000042937,0.000023875,-0.000037125
1573801688606,2019-11-15T15.08.08.606,40.154,0.000042563,0.000026125,-0.000036750
1573801688646,2019-11-15T15.08.08.646,40.194,0.000042563,0.000026125,-0.000036375
1573801688687,2019-11-15T15.08.08.687,40.235,0.000043688,0.000025750,-0.000036750
1573801688726,2019-11-15T15.08.08.726,40.274,0.000042188,0.000024625,-0.000037562
1573801688767,2019-11-15T15.08.08.767,40.315,0.000041437,0.000026813,-0.000036375
1573801688807,2019-11-15T15.08.08.807,40.355,0.000041437,0.000025750,-0.000038313
1573801688848,2019-11-15T15.08.08.848,40.396,0.000040750,0.000024625,-0.000038750
1573801688888,2019-11-15T15.08.08.888,40.436,0.000040000,0.000025000,-0.000037938
1573801688929,2019-11-15T15.08.08.929,40.477,0.000039250,0.000025750,-0.000038750
1573801688968,2019-11-15T15.08.08.968,40.516,0.000038500,0.000023875,-0.000040313
1573801689008,2019-11-15T15.08.09.008,40.556,0.000038500,0.000023875,-0.000039937
1573801689049,2019-11-15T15.08.09.049,40.597,0.000036687,0.000025375,-0.000039937
1573801689088,2019-11-15T15.08.09.088,40.636,0.000036687,0.000024250,-0.000041125
1573801689129,2019-11-15T15.08.09.129,40.677,0.000035938,0.000025750,-0.000040375
1573801689169,2019-11-15T15.08.09.169,40.717,0.000035250,0.000025375,-0.000039937
1573801689210,2019-11-15T15.08.09.210,40.758,0.000033375,0.000026125,-0.000041937
1573801689249,2019-11-15T15.08.09.249,40.797,0.000030438,0.000027187,-0.000041937
1573801689290,2019-11-15T15.08.09.290,40.838,0.000027875,0.000028688,-0.000043563
1573801689330,2019-11-15T15.08.09.330,40.878,0.000023125,0.000028688,-0.000042750
1573801689371,2019-11-15T15.08.09.371,40.919,0.000017938,0.000030875,-0.000043937
1573801689410,2019-11-15T15.08.09.410,40.958,0.000012062,0.000031625,-0.000044312
1573801689452,2019-11-15T15.08.09.452,41.000,0.000008062,0.000032375,-0.000042312
1573801689491,2019-11-15T15.08.09.491,41.039,0.000006938,0.000033063,-0.000041125
1573801689532,2019-11-15T15.08.09.532,41.080,0.000005875,0.000034187,-0.000040313
1573801689572,2019-11-15T15.08.09.572,41.120,0.000004750,0.000034938,-0.000039937
1573801689611,2019-11-15T15.08.09.611,41.159,0.000001813,0.000034938,-0.000039562
1573801689652,2019-11-15T15.08.09.652,41.200,0.000002938,0.000032688,-0.000037562
1573801689692,2019-11-15T15.08.09.692,41.240,0.000001813,0.000033063,-0.000037938
1573801689733,2019-11-15T15.08.09.733,41.281,0.000000312,0.000034938,-0.000039937
1573801689772,2019-11-15T15.08.09.772,41.320,0.000002188,0.000032688,-0.000039562
1573801689813,2019-11-15T15.08.09.813,41.361,0.000003250,0.000030500,-0.000039562
1573801689853,2019-11-15T15.08.09.853,41.401,0.000004000,0.000033812,-0.000040313
1573801689894,2019-11-15T15.08.09.894,41.442,0.000004750,0.000032375,-0.000041125
1573801689933,2019-11-15T15.08.09.933,41.481,0.000006187,0.000032000,-0.000041562
1573801689974,2019-11-15T15.08.09.974,41.522,0.000006187,0.000032688,-0.000042312
1573801690014,2019-11-15T15.08.10.014,41.562,0.000006938,0.000032688,-0.000041562
1573801690055,2019-11-15T15.08.10.055,41.603,0.000005875,0.000033063,-0.000040750
1573801690095,2019-11-15T15.08.10.095,41.643,0.000006938,0.000032375,-0.000040375
1573801690136,2019-11-15T15.08.10.136,41.684,0.000005875,0.000034563,-0.000039937
1573801690175,2019-11-15T15.08.10.175,41.723,0.000005875,0.000033063,-0.000039937
1573801690215,2019-11-15T15.08.10.215,41.763,0.000005500,0.000035625,-0.000041125
1573801690256,2019-11-15T15.08.10.256,41.804,0.000008062,0.000034187,-0.000039937
1573801690295,2019-11-15T15.08.10.295,41.843,0.000007688,0.000035312,-0.000040313
1573801690336,2019-11-15T15.08.10.336,41.884,0.000007313,0.000033812,-0.000041937
1573801690376,2019-11-15T15.08.10.376,41.924,0.000007313,0.000033063,-0.000041125
1573801690417,2019-11-15T15.08.10.417,41.965,0.000008812,0.000034563,-0.000041125
1573801690456,2019-11-15T15.08.10.456,42.004,0.000007313,0.000033063,-0.000040750
1573801690497,2019-11-15T15.08.10.497,42.045,0.000008437,0.000032375,-0.000040750
1573801690537,2019-11-15T15.08.10.537,42.085,0.000009875,0.000031250,-0.000041937
1573801690578,2019-11-15T15.08.10.578,42.126,0.000010250,0.000032375,-0.000041937
1573801690618,2019-11-15T15.08.10.618,42.166,0.000010250,0.000030125,-0.000041562
1573801690659,2019-11-15T15.08.10.659,42.207,0.000011000,0.000031625,-0.000041562
1573801690698,2019-11-15T15.08.10.698,42.246,0.000009875,0.000027187,-0.000042312
1573801690739,2019-11-15T15.08.10.739,42.287,0.000010625,0.000032000,-0.000041125
1573801690779,2019-11-15T15.08.10.779,42.327,0.000013188,0.000028312,-0.000043125
1573801690818,2019-11-15T15.08.10.818,42.366,0.000013937,0.000027563,-0.000042750
1573801690859,2019-11-15T15.08.10.859,42.407,0.000013937,0.000029062,-0.000041937
1573801690899,2019-11-15T15.08.10.899,42.447,0.000013562,0.000029438,-0.000043125
1573801690940,2019-11-15T15.08.10.940,42.488,0.000015000,0.000029438,-0.000042750
1573801690979,2019-11-15T15.08.10.979,42.527,0.000015750,0.000027937,-0.000043125
1573801691020,2019-11-15T15.08.11.020,42.568,0.000015375,0.000026500,-0.000043125
1573801691060,2019-11-15T15.08.11.060,42.608,0.000016875,0.000030500,-0.000043937
1573801691101,2019-11-15T15.08.11.101,42.649,0.000013562,0.000027563,-0.000042312
1573801691140,2019-11-15T15.08.11.140,42.688,0.000013937,0.000027937,-0.000042750
1573801691181,2019-11-15T15.08.11.181,42.729,0.000012813,0.000029750,-0.000041937
1573801691221,2019-11-15T15.08.11.221,42.769,0.000012438,0.000029750,-0.000041937
1573801691262,2019-11-15T15.08.11.262,42.810,0.000011750,0.000030500,-0.000041562
1573801691302,2019-11-15T15.08.11.302,42.850,0.000010250,0.000032000,-0.000041937
1573801691343,2019-11-15T15.08.11.343,42.891,0.000011375,0.000031250,-0.000042312
1573801691382,2019-11-15T15.08.11.382,42.930,0.000009875,0.000030875,-0.000042312
1573801691423,2019-11-15T15.08.11.423,42.971,0.000009125,0.000032375,-0.000041562
1573801691463,2019-11-15T15.08.11.463,43.011,0.000011750,0.000031625,-0.000041125
1573801691502,2019-11-15T15.08.11.502,43.050,0.000009500,0.000030875,-0.000041937
1573801691543,2019-11-15T15.08.11.543,43.091,0.000009875,0.000032000,-0.000041562
1573801691583,2019-11-15T15.08.11.583,43.131,0.000010625,0.000032688,-0.000041562
1573801691624,2019-11-15T15.08.11.624,43.172,0.000008812,0.000031250,-0.000041937
1573801691663,2019-11-15T15.08.11.663,43.211,0.000010625,0.000031625,-0.000042375
1573801691704,2019-11-15T15.08.11.704,43.252,0.000009875,0.000030875,-0.000041937
1573801691744,2019-11-15T15.08.11.744,43.292,0.000010250,0.000032000,-0.000042312
1573801691785,2019-11-15T15.08.11.785,43.333,0.000011375,0.000032688,-0.000041937
1573801691825,2019-11-15T15.08.11.825,43.373,0.000011375,0.000030875,-0.000041937
1573801691866,2019-11-15T15.08.11.866,43.414,0.000008062,0.000030500,-0.000043125
1573801691905,2019-11-15T15.08.11.905,43.453,0.000011750,0.000028688,-0.000042375
1573801691946,2019-11-15T15.08.11.946,43.494,0.000009125,0.000029062,-0.000041562
1573801691986,2019-11-15T15.08.11.986,43.534,0.000011000,0.000029062,-0.000041562
1573801692027,2019-11-15T15.08.12.027,43.575,0.000011375,0.000026125,-0.000040750
1573801692066,2019-11-15T15.08.12.066,43.614,0.000012062,0.000028312,-0.000042750
1573801692107,2019-11-15T15.08.12.107,43.655,0.000012438,0.000029062,-0.000041937
1573801692147,2019-11-15T15.08.12.147,43.695,0.000010625,0.000029062,-0.000042312
1573801692188,2019-11-15T15.08.12.188,43.736,0.000011750,0.000030125,-0.000041937
1573801692227,2019-11-15T15.08.12.227,43.775,0.000010250,0.000031250,-0.000041937
1573801692268,2019-11-15T15.08.12.268,43.816,0.000009875,0.000028688,-0.000041562
1573801692308,2019-11-15T15.08.12.308,43.856,0.000008812,0.000030875,-0.000042312
1573801692348,2019-11-15T15.08.12.348,43.896,0.000008812,0.000030875,-0.000041937
1573801692389,2019-11-15T15.08.12.389,43.937,0.000006187,0.000030500,-0.000041125
1573801692428,2019-11-15T15.08.12.428,43.976,0.000008062,0.000032688,-0.000041562
1573801692469,2019-11-15T15.08.12.469,44.017,0.000008812,0.000032688,-0.000041937
1573801692509,2019-11-15T15.08.12.509,44.057,0.000006562,0.000030875,-0.000041125
1573801692550,2019-11-15T15.08.12.550,44.098,0.000006562,0.000032688,-0.000040375
1573801692589,2019-11-15T15.08.12.589,44.137,0.000006562,0.000032688,-0.000040375
1573801692630,2019-11-15T15.08.12.630,44.178,0.000008812,0.000032375,-0.000039937
1573801692670,2019-11-15T15.08.12.670,44.218,0.000006938,0.000032375,-0.000041562
1573801692711,2019-11-15T15.08.12.711,44.259,0.000006562,0.000036375,-0.000041125
1573801692750,2019-11-15T15.08.12.750,44.298,0.000008812,0.000034938,-0.000041125
1573801692791,2019-11-15T15.08.12.791,44.339,0.000007688,0.000033812,-0.000041125
1573801692831,2019-11-15T15.08.12.831,44.379,0.000007313,0.000032688,-0.000041562
1573801692870,2019-11-15T15.08.12.870,44.418,0.000007688,0.000033063,-0.000042375
1573801692911,2019-11-15T15.08.12.911,44.459,0.000005875,0.000034187,-0.000041562
1573801692951,2019-11-15T15.08.12.951,44.499,0.000006938,0.000033812,-0.000040750
1573801692992,2019-11-15T15.08.12.992,44.540,0.000008437,0.000031250,-0.000040313
1573801693032,2019-11-15T15.08.13.032,44.580,0.000006562,0.000032000,-0.000040750
1573801693073,2019-11-15T15.08.13.073,44.621,0.000007313,0.000033812,-0.000041937
1573801693112,2019-11-15T15.08.13.112,44.660,0.000006938,0.000033437,-0.000043125
1573801693153,2019-11-15T15.08.13.153,44.701,0.000011000,0.000031625,-0.000039937
1573801693193,2019-11-15T15.08.13.193,44.741,0.000009125,0.000030875,-0.000041562
1573801693234,2019-11-15T15.08.13.234,44.782,0.000006938,0.000029438,-0.000039125
1573801693273,2019-11-15T15.08.13.273,44.821,0.000007313,0.000031250,-0.000040375
1573801693314,2019-11-15T15.08.13.314,44.862,0.000006187,0.000029750,-0.000040375
1573801693354,2019-11-15T15.08.13.354,44.902,0.000007313,0.000033812,-0.000040750
1573801693393,2019-11-15T15.08.13.393,44.941,0.000005500,0.000031625,-0.000040313
1573801693434,2019-11-15T15.08.13.434,44.982,0.000006938,0.000033063,-0.000041125
1573801693474,2019-11-15T15.08.13.474,45.022,0.000006562,0.000033812,-0.000041937
1573801693515,2019-11-15T15.08.13.515,45.063,0.000003250,0.000033063,-0.000040750
1573801693555,2019-11-15T15.08.13.555,45.103,0.000005125,0.000033812,-0.000039937
1573801693596,2019-11-15T15.08.13.596,45.144,0.000006187,0.000033437,-0.000039937
1573801693635,2019-11-15T15.08.13.635,45.183,0.000006562,0.000033063,-0.000039562
1573801693676,2019-11-15T15.08.13.676,45.224,0.000006562,0.000035312,-0.000039125
1573801693716,2019-11-15T15.08.13.716,45.264,0.000004375,0.000034187,-0.000039125